$SPEC_ID:
No sample description was entered.
$SPEC_REM:
DET# 1
DETDESC# SPACESCIENCE4 digiBASE-RH SN 15121435
AP# Maestro Version 7.01
$DATE_MEA:
10/28/2025 13:14:19
$MEAS_TIM:
92 92
$DATA:
0 1023
       0
       0
       0
       0
       0
       0
       0
       0
       0
       0
       0
       0
       0
       0
       0
      76
    1227
    1822
    1355
    1167
    1033
    1193
    1462
    1997
    2589
    3333
    3919
    4675
    5030
    5023
    4693
    4187
    3481
    2761
    2056
    1411
     947
     636
     355
     241
     158
     114
      88
      90
      92
      94
      71
      71
      77
      83
      80
      88
      83
      84
      73
      67
      63
      47
      55
      67
      63
      70
      56
      56
      48
      64
      44
      54
      47
      67
      48
      45
      34
      45
      42
      43
      35
      46
      36
      33
      35
      34
      34
      37
      42
      42
      37
      21
      32
      30
      41
      33
      45
      27
      23
      28
      35
      35
      21
      33
      36
      24
      30
      26
      26
      29
      37
      20
      18
      20
      15
      21
      23
      20
      18
      22
      22
      16
      24
      23
       9
      12
      15
      14
      24
      17
      23
      23
      11
      17
      15
      14
      18
      15
      11
      15
      11
      15
      14
      12
       7
      10
      15
      13
       5
       8
      13
      11
      12
       9
      18
      11
       7
       5
       6
      20
      10
       6
      10
      12
       8
      10
      19
      14
      18
       6
       7
       4
      11
       8
       5
       7
       5
      10
       6
       8
       7
       6
       9
       6
       4
       8
       4
       6
       6
       4
       1
       5
       8
       8
       8
       7
       4
       2
       4
       7
       5
       5
       6
       3
       4
       3
       5
       8
       3
       9
       3
       1
       4
       4
       2
       3
       4
       6
       3
       2
       2
       2
       2
       5
       3
       2
       7
       5
       3
       2
       3
       4
       5
       1
       4
       2
       4
       4
       2
       5
       1
       6
       1
       4
       3
       2
       4
       5
       3
       1
       3
       5
       5
       1
       3
       4
       6
       7
       1
       4
       2
       3
       3
       4
       2
       4
       2
       3
       5
       2
       5
       2
       3
       4
       3
       2
       2
       5
       4
       5
       9
       0
       3
       8
       5
       3
       2
       5
       3
       2
       5
       3
       3
       4
       5
       2
       5
       2
       2
       2
       1
       2
       3
       2
       3
       2
       2
       3
       2
       5
       3
       2
       1
       1
       1
       2
       2
       2
       4
       1
       4
       4
       2
       0
       1
       1
       1
       0
       3
       1
       0
       2
       2
       2
       1
       0
       3
       5
       1
       2
       3
       1
       2
       3
       3
       5
       2
       1
       3
       1
       2
       3
       2
       1
       2
       1
       2
       2
       0
       2
       3
       4
       1
       3
       1
       0
       0
       3
       3
       3
       0
       0
       2
       1
       1
       2
       1
       0
       0
       0
       1
       1
       1
       2
       1
       1
       2
       5
       2
       3
       0
       2
       3
       0
       1
       3
       1
       2
       1
       6
       0
       3
       0
       2
       3
       2
       1
       1
       1
       1
       0
       2
       2
       1
       1
       1
       0
       3
       0
       0
       0
       2
       1
       0
       1
       0
       2
       1
       1
       2
       0
       1
       1
       2
       1
       0
       1
       1
       2
       0
       0
       1
       1
       0
       2
       1
       2
       0
       1
       0
       1
       1
       2
       2
       1
       1
       2
       1
       0
       2
       2
       2
       1
       1
       0
       0
       2
       0
       2
       0
       2
       0
       3
       1
       2
       1
       2
       1
       1
       2
       0
       1
       1
       3
       2
       3
       2
       1
       0
       0
       2
       0
       1
       2
       0
       1
       2
       2
       0
       0
       1
       1
       2
       0
       0
       0
       0
       1
       0
       1
       0
       1
       0
       0
       3
       3
       1
       1
       1
       0
       0
       1
       4
       0
       0
       1
       0
       1
       1
       0
       0
       2
       1
       1
       0
       0
       1
       0
       0
       0
       0
       0
       0
       1
       1
       0
       0
       0
       0
       2
       0
       1
       1
       0
       1
       3
       0
       0
       0
       0
       0
       1
       0
       2
       0
       0
       1
       1
       1
       0
       1
       1
       2
       0
       1
       2
       2
       0
       0
       0
       2
       1
       0
       0
       1
       0
       1
       0
       0
       0
       2
       1
       0
       0
       0
       1
       0
       1
       0
       1
       0
       0
       2
       1
       0
       1
       3
       2
       0
       0
       0
       1
       0
       2
       2
       0
       3
       1
       2
       2
       1
       1
       0
       3
       0
       0
       3
       0
       0
       1
       0
       0
       0
       1
       1
       0
       1
       0
       0
       2
       0
       0
       0
       1
       0
       2
       0
       0
       0
       0
       1
       0
       0
       1
       0
       0
       2
       0
       0
       0
       1
       0
       1
       0
       0
       0
       0
       0
       0
       0
       1
       0
       0
       1
       0
       1
       1
       1
       0
       0
       0
       0
       0
       2
       2
       0
       1
       1
       0
       0
       0
       1
       0
       0
       0
       1
       0
       0
       0
       0
       0
       0
       0
       1
       0
       0
       1
       0
       0
       0
       0
       0
       0
       0
       0
       0
       1
       0
       1
       0
       0
       0
       0
       1
       0
       0
       1
       0
       1
       0
       0
       1
       1
       0
       0
       0
       0
       0
       0
       0
       0
       0
       1
       0
       0
       0
       1
       0
       0
       0
       1
       1
       1
       0
       0
       0
       0
       1
       0
       0
       0
       0
       0
       0
       0
       0
       0
       0
       1
       1
       0
       0
       0
       1
       0
       0
       0
       0
       1
       0
       0
       0
       0
       0
       1
       0
       0
       1
       0
       0
       0
       0
       0
       0
       0
       0
       1
       0
       1
       0
       0
       0
       0
       0
       0
       1
       1
       1
       0
       0
       0
       0
       0
       0
       0
       0
       0
       0
       0
       0
       0
       0
       0
       0
       0
       0
       0
       0
       0
       0
       0
       0
       0
       0
       1
       0
       0
       0
       0
       0
       0
       0
       0
       0
       0
       0
       0
       0
       0
       0
       0
       0
       0
       0
       0
       0
       0
       1
       0
       0
       0
       0
       0
       0
       1
       0
       0
       0
       0
       0
       0
       0
       0
       0
       0
       0
       0
       0
       0
       0
       1
       0
       0
       0
       0
       0
       0
       0
       0
       0
       0
       0
       0
       0
       0
       1
       0
       0
       0
       0
       0
       0
       1
       0
       0
       1
       0
       0
       1
       0
       0
       0
       0
       1
       0
       1
       0
       1
       0
       0
       0
       0
       0
       0
       0
       0
       0
       0
       0
       0
       0
       0
       0
       0
       0
       0
       0
       0
       0
       2
       0
       0
       0
       0
       0
       0
       0
       0
       0
       0
       0
       0
       0
       0
       0
       0
       0
       0
       0
       0
       0
       0
       0
       0
       0
       0
       0
       0
       0
       0
       0
       0
       0
       0
       0
       0
       0
       0
       0
       0
       0
       0
       1
       0
       0
       0
       0
       0
       0
       0
       0
       0
       0
       0
       0
       0
       0
       0
       0
       0
       0
       0
       0
       0
       0
       0
       0
       0
       0
       0
       0
       0
       0
       0
       0
       0
       0
       0
       0
       0
       0
       0
       0
       0
       0
       0
       0
       0
$ROI:
0
$PRESETS:
None
0
0
$ENER_FIT:
-10.130505 2.230151
$MCA_CAL:
3
-1.013050E+001 2.230151E+000 -7.695740E-005 keV
$SHAPE_CAL:
3
6.128848E+000 7.994157E-002 -1.373380E-004
