$SPEC_ID:
No sample description was entered.
$SPEC_REM:
DET# 1
DETDESC# SPACESCIENCE4 digiBASE-RH SN 15121435
AP# Maestro Version 7.01
$DATE_MEA:
10/28/2025 13:21:18
$MEAS_TIM:
100 100
$DATA:
0 1023
       0
       0
       0
       0
       0
       0
       0
       0
       0
       0
       0
       0
       0
       0
       0
      94
    1790
    2596
    1903
    1530
    1380
    1513
    1807
    2409
    2898
    3619
    4257
    4715
    5018
    4579
    4394
    3785
    3060
    2288
    1718
    1210
     838
     528
     339
     196
     156
     123
     105
      86
      94
      78
      82
      77
      88
      69
      86
      66
      75
      83
      72
      80
      67
      74
      64
      81
      55
      52
      71
      76
      51
      60
      54
      65
      55
      44
      41
      51
      55
      38
      48
      43
      48
      44
      47
      42
      48
      37
      50
      42
      50
      31
      47
      37
      42
      29
      43
      35
      34
      39
      37
      26
      31
      32
      32
      35
      32
      24
      34
      35
      31
      33
      30
      29
      28
      19
      33
      23
      23
      24
      33
      29
      16
      14
      32
      20
      15
      24
      16
      13
      22
      20
      18
      18
      18
      23
      16
      13
      17
      15
      15
      17
      17
      22
      16
      14
      11
      14
       5
      12
      17
      18
      17
      10
       6
      15
      14
      17
      12
      11
      10
      16
       8
      13
      15
       7
       8
      10
      11
      10
       9
      13
      11
       6
       6
       7
      11
       9
       3
      12
       9
       6
      12
       9
       9
       4
       7
       8
       9
       9
       8
       3
       5
       6
       7
       7
       6
       5
       6
       2
       3
       6
       3
       6
       1
       8
       3
       3
       3
       7
       4
       2
       5
       5
       8
       8
       7
       5
       8
       4
       3
       2
       3
       2
       3
       5
       9
       5
       2
       7
       6
       4
       6
       4
       3
       5
       1
       5
       2
       5
       5
       6
       3
       5
       3
       1
       5
       4
       5
       3
       3
      10
       4
       3
       5
       1
       1
       5
       7
       1
       1
       3
       4
       3
       4
       2
       3
       2
       4
       2
       2
       4
       2
       7
       3
       4
       5
       4
       6
       3
       4
       8
       4
       7
       2
       3
       3
       4
       3
       7
       3
       4
       1
       6
       0
       2
       1
       0
       4
       3
       3
       4
       4
       4
       1
       6
       0
       3
       1
       5
       4
       4
       2
       1
       0
       2
       2
       2
       1
       3
       3
       2
       1
       1
       2
       4
       2
       2
       0
       2
       2
       1
       1
       5
       2
       3
       0
       0
       2
       1
       7
       3
       1
       2
       1
       3
       3
       2
       2
       3
       2
       2
       3
       2
       0
       2
       5
       1
       6
       5
       0
       3
       4
       2
       2
       1
       1
       2
       0
       0
       3
       2
       5
       2
       0
       3
       0
       1
       2
       1
       2
       0
       4
       2
       1
       2
       1
       1
       2
       2
       1
       4
       0
       1
       1
       1
       1
       0
       2
       4
       1
       3
       1
       2
       0
       1
       1
       2
       1
       4
       3
       1
       1
       0
       2
       0
       3
       0
       1
       0
       0
       0
       3
       4
       2
       3
       1
       2
       0
       0
       1
       2
       0
       1
       1
       4
       4
       1
       2
       1
       3
       0
       2
       4
       4
       1
       0
       1
       1
       0
       3
       0
       3
       2
       0
       0
       1
       2
       0
       2
       0
       5
       1
       0
       2
       4
       1
       4
       0
       1
       2
       1
       2
       2
       2
       0
       1
       0
       0
       1
       1
       0
       1
       2
       0
       0
       0
       2
       4
       3
       1
       1
       1
       1
       1
       2
       0
       0
       2
       0
       0
       4
       0
       0
       1
       0
       2
       1
       2
       1
       1
       0
       4
       2
       1
       1
       1
       0
       1
       1
       0
       1
       1
       0
       0
       0
       0
       1
       2
       0
       2
       0
       1
       1
       0
       1
       0
       0
       2
       1
       1
       2
       1
       0
       1
       1
       0
       0
       0
       1
       0
       1
       3
       0
       0
       0
       0
       0
       1
       1
       0
       1
       1
       1
       1
       0
       1
       0
       2
       1
       2
       0
       1
       2
       1
       0
       0
       2
       2
       0
       1
       1
       0
       0
       1
       0
       2
       1
       1
       2
       0
       2
       1
       0
       0
       2
       0
       1
       0
       2
       3
       0
       1
       1
       0
       0
       1
       1
       0
       0
       1
       0
       1
       1
       2
       1
       1
       1
       1
       2
       0
       1
       0
       0
       2
       0
       1
       1
       0
       1
       1
       1
       0
       1
       2
       0
       1
       0
       2
       2
       0
       0
       0
       0
       1
       1
       1
       1
       0
       1
       2
       0
       0
       2
       0
       1
       1
       1
       3
       1
       0
       1
       2
       0
       0
       1
       1
       1
       1
       1
       0
       0
       1
       0
       0
       0
       0
       1
       1
       1
       0
       2
       1
       0
       1
       0
       1
       0
       1
       0
       0
       0
       0
       0
       0
       1
       1
       0
       0
       1
       1
       0
       2
       0
       0
       2
       1
       1
       0
       0
       0
       1
       0
       0
       0
       1
       0
       0
       0
       0
       1
       1
       1
       0
       0
       1
       0
       0
       0
       0
       1
       1
       1
       0
       1
       0
       0
       0
       0
       1
       0
       0
       0
       0
       0
       0
       0
       0
       0
       0
       0
       0
       1
       0
       0
       0
       0
       0
       0
       0
       0
       0
       0
       0
       0
       1
       0
       0
       0
       0
       0
       1
       0
       0
       0
       0
       0
       0
       0
       0
       0
       0
       0
       0
       0
       0
       0
       0
       0
       0
       0
       0
       0
       0
       0
       1
       0
       0
       0
       0
       0
       0
       0
       0
       0
       0
       1
       0
       0
       0
       0
       0
       0
       1
       0
       0
       0
       1
       0
       1
       0
       0
       0
       0
       0
       0
       0
       0
       1
       0
       0
       0
       0
       0
       0
       0
       0
       0
       0
       0
       0
       1
       0
       0
       0
       0
       0
       0
       0
       0
       0
       0
       0
       0
       0
       1
       1
       0
       0
       2
       0
       1
       0
       0
       0
       0
       0
       0
       0
       0
       0
       0
       1
       1
       0
       0
       0
       0
       0
       0
       0
       0
       0
       0
       0
       0
       0
       0
       0
       0
       1
       0
       0
       0
       0
       0
       0
       0
       0
       1
       1
       1
       0
       0
       0
       1
       0
       0
       0
       0
       0
       0
       0
       0
       0
       0
       0
       0
       0
       0
       1
       0
       0
       0
       0
       0
       0
       0
       0
       0
       0
       0
       0
       0
       0
       0
       0
       0
       0
       0
       1
       0
       0
       0
       0
       0
       2
       0
       0
       0
       0
       0
       0
       0
       0
       0
       0
       0
       1
       0
       0
       0
       0
       0
       0
       0
       0
       0
       0
       0
       0
       0
       0
       0
       0
       0
       0
       0
       0
       0
       0
       0
       0
       0
       0
       0
       0
       0
       0
       0
       0
       0
       0
       0
       0
       0
       0
       0
       0
       0
       0
       0
       0
       0
       0
       0
       0
       0
       0
       1
       0
       0
       0
       0
       0
       0
       0
       0
       1
       0
       0
       0
       0
       0
       0
       0
       0
       0
       0
       0
$ROI:
0
$PRESETS:
None
0
0
$ENER_FIT:
-10.130505 2.230151
$MCA_CAL:
3
-1.013050E+001 2.230151E+000 -7.695740E-005 keV
$SHAPE_CAL:
3
6.128848E+000 7.994157E-002 -1.373380E-004
