$SPEC_ID:
No sample description was entered.
$SPEC_REM:
DET# 1
DETDESC# SPACESCIENCE4 digiBASE-RH SN 15121435
AP# Maestro Version 7.01
$DATE_MEA:
10/28/2025 12:58:16
$MEAS_TIM:
600 600
$DATA:
0 1023
       0
       0
       0
       0
       0
       0
       0
       0
       0
       0
       0
       0
       0
       0
       0
       9
     150
     206
     198
     166
     180
     168
     182
     200
     195
     218
     238
     273
     274
     301
     344
     341
     345
     420
     364
     408
     414
     401
     426
     436
     495
     468
     477
     463
     466
     489
     473
     430
     455
     472
     474
     424
     475
     463
     427
     412
     456
     428
     410
     388
     374
     366
     392
     364
     380
     379
     346
     383
     343
     361
     334
     341
     326
     295
     317
     306
     309
     294
     289
     268
     306
     240
     258
     273
     243
     260
     269
     259
     236
     199
     213
     197
     222
     230
     211
     199
     196
     215
     222
     206
     201
     175
     197
     168
     179
     186
     174
     164
     177
     163
     166
     186
     161
     171
     136
     138
     135
     167
     138
     138
     139
     119
     118
     102
     142
     117
     118
     111
     130
     133
     116
      99
     113
     110
     106
     101
     111
      97
      90
     107
      73
      66
      73
      95
      96
      84
      77
      75
      87
      83
      84
      98
      71
      91
      86
      77
      71
      75
      69
      72
      60
      66
      59
      63
      70
      68
      60
      55
      53
      65
      57
      59
      63
      67
      47
      53
      38
      41
      51
      43
      50
      37
      43
      42
      40
      42
      36
      36
      53
      51
      47
      44
      32
      39
      32
      45
      40
      42
      31
      41
      37
      54
      28
      42
      35
      35
      41
      36
      34
      29
      36
      34
      38
      35
      41
      40
      27
      32
      35
      30
      38
      30
      42
      23
      35
      37
      27
      28
      33
      32
      37
      32
      38
      27
      24
      29
      36
      34
      39
      23
      28
      39
      30
      22
      25
      36
      28
      40
      30
      31
      29
      33
      37
      23
      28
      28
      40
      32
      24
      43
      27
      29
      30
      32
      30
      38
      27
      30
      25
      20
      22
      17
      35
      31
      27
      22
      31
      31
      25
      24
      18
      28
      19
      23
      31
      18
      25
      24
      20
      24
      23
      21
      31
      32
      14
      35
      23
      15
      17
      27
      25
      21
      33
      20
      19
      20
      24
      21
      24
      18
      21
      17
      18
      18
      21
      17
      19
      22
      20
      24
      14
      24
      15
      20
      12
      15
      24
      16
      23
      22
      18
      14
      11
      17
      17
      15
      12
      19
      13
      23
      15
      17
      16
      25
      17
      18
      10
      16
      18
      17
      21
      16
      17
      11
      15
      17
      19
      18
      13
      12
      21
      17
      23
      20
      18
      20
      13
      17
      17
      13
      14
      11
      17
      22
      18
      21
      11
      16
      14
      21
      13
      18
      17
      13
      14
      22
      24
      12
      14
      19
      14
      10
      14
      17
      16
      27
      19
      14
      11
      13
      13
      18
      12
      22
      15
      15
      10
      15
      19
      17
      17
       9
      13
      11
      18
      19
      11
      15
       4
      10
      14
      18
      22
      15
      11
      14
      13
       8
      10
      15
      13
       9
      14
      19
       8
      10
      11
      12
      18
       6
      10
      12
      18
      12
       9
      13
      11
      15
      13
      14
      13
      10
      14
       8
      14
       7
      12
       5
      19
      17
       8
       5
      17
       9
       9
      16
      12
       7
      10
       6
       9
      11
      14
      10
      12
      15
      15
      12
       9
      12
      12
      21
      16
      11
       9
       8
      12
      17
      20
      15
       9
      10
      24
      16
      11
       8
      20
      19
      19
       7
      16
      16
      17
      17
      13
      13
      13
      18
      15
      12
      15
      18
      18
      12
      14
      11
      12
      13
      12
       7
       9
      14
      10
      19
      10
      11
       5
       8
       6
      13
       6
       9
      15
      13
       8
       8
       8
       9
      12
      15
       7
      11
      11
       9
       9
      10
      11
      12
      12
      11
      10
      10
       8
       7
      13
      12
       9
      14
       9
      10
       8
      12
       8
      17
       9
      11
       6
       8
      14
      16
      11
      10
      11
      10
      13
       2
       8
       6
      14
       4
       8
      10
       7
       6
      12
      14
      12
       9
       8
       5
       7
      12
      16
       9
       8
      11
      12
       7
       6
       5
       9
       8
       4
       9
      14
       8
       9
       5
       7
       5
       5
       6
       6
       7
       6
       7
       7
       6
       9
       7
       3
       6
       3
       6
       5
      10
       6
       5
       7
       7
       4
       6
       4
       7
       4
       3
       6
       5
       6
       3
       5
       2
       3
       4
       5
       6
       5
       4
       3
       9
       2
       3
       3
       2
       4
       6
       5
       4
       5
       2
       3
       2
       3
       1
       4
       4
       3
       3
       3
       0
       2
       2
       1
       0
       2
       3
       6
       1
       4
       1
       4
       8
       4
       3
       4
       1
       5
       2
       1
       1
       5
       1
       4
       0
       5
       1
       1
       4
       2
       3
       2
       1
       2
       3
       1
       5
       1
       2
       3
       3
       3
       0
       2
       2
       0
       2
       2
       2
       2
       2
       2
       0
       2
       2
       5
       2
       2
       2
       2
       2
       7
       2
       2
       2
       4
       4
       0
       1
       0
       0
       3
       0
       0
       0
       0
       0
       3
       2
       4
       0
       0
       1
       2
       3
       5
       2
       2
       3
       0
       0
       1
       1
       1
       0
       1
       0
       0
       3
       1
       2
       0
       0
       3
       1
       2
       1
       3
       1
       0
       1
       1
       3
       0
       0
       1
       3
       0
       1
       2
       1
       0
       1
       1
       1
       1
       2
       1
       2
       0
       0
       0
       1
       1
       0
       1
       1
       1
       1
       1
       1
       2
       0
       1
       2
       0
       0
       2
       0
       0
       1
       1
       1
       0
       1
       1
       0
       1
       1
       1
       0
       1
       1
       1
       0
       3
       0
       0
       0
       1
       0
       2
       1
       1
       1
       2
       0
       1
       1
       1
       1
       0
       0
       1
       0
       1
       0
       0
       1
       1
       0
       0
       1
       2
       3
       1
       0
       0
       0
       1
       1
       2
       1
       0
       0
       1
       1
       2
       1
       3
       2
       1
       1
       2
       1
       1
       0
       2
       1
       0
       0
       0
       1
       2
       0
       0
       1
       0
       1
       0
       1
       0
       2
       1
       3
       1
       2
       1
       1
       1
       0
       0
       1
       0
       0
       0
       1
       0
       0
       0
       2
       1
       0
       1
       0
       1
       2
       2
       1
       0
       1
       1
       1
       1
       1
       1
       0
       1
       1
       0
       0
       2
       0
       0
       0
       0
       1
       1
       1
       0
       2
       0
       1
       1
       0
       0
       1
       0
       0
       0
       0
       0
       1
       0
       1
       2
       0
       1
       1
       0
       0
       0
       1
       1
       1
       1
       0
       0
       0
       3
       0
       1
       1
       0
       2
       0
       1
       1
       0
       0
       0
       0
       1
       0
       1
       0
       2
       0
       0
       2
       0
       0
       1
       0
       0
       1
       1
       2
       0
       0
       0
       0
       1
       0
       0
       1
       1
       0
       0
       1
       2
       2
       0
       0
       0
$ROI:
0
$PRESETS:
None
0
0
$ENER_FIT:
-10.130505 2.230151
$MCA_CAL:
3
-1.013050E+001 2.230151E+000 -7.695740E-005 keV
$SHAPE_CAL:
3
6.128848E+000 7.994157E-002 -1.373380E-004
