$SPEC_ID:
No sample description was entered.
$SPEC_REM:
DET# 1
DETDESC# SPACESCIENCE4 digiBASE-RH SN 15121435
AP# Maestro Version 7.01
$DATE_MEA:
10/28/2025 13:18:39
$MEAS_TIM:
104 104
$DATA:
0 1023
       0
       0
       0
       0
       0
       0
       0
       0
       0
       0
       0
       0
       0
       0
       0
      79
    1704
    2440
    1892
    1484
    1312
    1367
    1746
    2210
    2832
    3436
    4340
    4731
    4971
    5038
    4660
    4109
    3399
    2669
    1970
    1299
     895
     556
     391
     223
     167
     124
     105
      99
      82
     104
      71
      96
      88
      81
      66
      83
      95
      93
      74
      73
      77
      63
      63
      72
      66
      66
      53
      51
      52
      59
      57
      53
      56
      65
      55
      49
      49
      55
      34
      51
      45
      53
      53
      38
      44
      36
      45
      48
      44
      44
      53
      33
      38
      28
      32
      32
      48
      35
      36
      29
      38
      37
      36
      40
      42
      40
      28
      34
      28
      31
      24
      24
      33
      27
      23
      30
      28
      23
      23
      31
      29
      17
      14
      19
      21
      24
      21
      24
      18
      28
      16
      17
      11
      19
      10
      14
      22
      13
      16
      14
      14
      20
      23
      17
       9
      19
      14
      16
      18
      10
      14
      14
      24
      22
      13
      10
       8
      10
      14
      12
       9
      13
       9
      14
      15
       4
       7
      10
       8
       9
       8
      10
       9
       6
       8
       5
      13
       5
       8
       6
      12
      12
      11
       9
       6
       5
      10
       6
       6
       4
       6
       6
       6
       4
       2
       6
       4
       8
       5
       8
       7
       8
       8
       3
       7
       4
       8
       8
       5
       5
       3
       4
       5
       8
       2
       6
       3
       5
       5
      11
       8
       3
       4
       5
       0
       7
       8
       4
       7
       5
       2
       3
       4
       5
      11
       7
       4
       5
       5
       4
       3
       6
       8
       6
       2
      10
       3
       3
       3
       5
       3
       3
       6
       1
       3
       7
       5
       4
       3
       6
       8
       5
       4
       0
       6
       4
       4
       1
       2
       3
       4
       5
       4
       0
       5
       2
       7
       3
       3
       5
       2
       5
       7
       3
       3
       0
       2
       5
       4
       1
       3
       1
       2
       2
       2
       3
       2
       2
       4
       3
       3
       2
       1
       2
       3
       3
       4
       2
       2
       5
       1
       4
       0
       3
       3
       1
       2
       5
       4
       3
       3
       1
       2
       5
       0
       2
       3
       6
       4
       1
       3
       6
       4
       1
       5
       0
       2
       1
       4
       2
       2
       4
       2
       1
       0
       1
       1
       1
       1
       2
       0
       2
       2
       2
       4
       2
       2
       4
       1
       2
       1
       0
       4
       2
       0
       0
       1
       3
       2
       0
       2
       1
       1
       1
       0
       1
       2
       4
       0
       2
       2
       0
       1
       1
       0
       2
       2
       0
       1
       1
       2
       2
       2
       4
       1
       4
       0
       1
       1
       0
       2
       4
       2
       1
       5
       3
       2
       2
       0
       1
       1
       2
       2
       0
       2
       1
       2
       1
       3
       1
       1
       2
       1
       0
       1
       2
       2
       6
       1
       0
       1
       2
       1
       0
       4
       1
       1
       1
       0
       1
       2
       0
       3
       1
       2
       3
       2
       4
       3
       0
       2
       1
       2
       0
       3
       2
       2
       0
       3
       1
       3
       3
       7
       1
       0
       1
       1
       1
       1
       2
       2
       0
       3
       1
       0
       1
       2
       1
       1
       2
       0
       1
       2
       1
       0
       1
       2
       1
       0
       1
       1
       3
       4
       0
       1
       1
       3
       0
       0
       2
       2
       0
       0
       1
       2
       0
       1
       0
       2
       4
       1
       1
       2
       0
       1
       2
       2
       0
       2
       0
       1
       1
       0
       0
       0
       1
       1
       2
       0
       0
       0
       1
       2
       0
       0
       2
       0
       2
       1
       0
       1
       2
       2
       1
       1
       1
       1
       1
       0
       1
       1
       2
       1
       0
       0
       0
       0
       2
       0
       1
       0
       0
       1
       0
       0
       0
       0
       0
       2
       1
       1
       0
       1
       0
       0
       1
       2
       0
       0
       1
       1
       0
       0
       1
       0
       0
       1
       0
       0
       2
       2
       2
       1
       2
       1
       0
       0
       0
       2
       0
       2
       1
       1
       0
       1
       0
       1
       1
       0
       1
       3
       1
       1
       0
       1
       2
       1
       0
       1
       2
       1
       1
       0
       0
       0
       2
       0
       2
       0
       2
       2
       2
       1
       1
       0
       1
       0
       0
       0
       1
       1
       0
       0
       0
       1
       0
       1
       0
       0
       1
       0
       2
       2
       0
       0
       0
       0
       1
       0
       0
       1
       0
       1
       2
       0
       0
       1
       0
       2
       2
       0
       0
       1
       1
       0
       1
       0
       0
       0
       0
       0
       1
       1
       1
       0
       1
       0
       1
       2
       1
       1
       0
       0
       1
       0
       0
       0
       0
       0
       0
       0
       0
       0
       1
       0
       0
       1
       0
       0
       0
       0
       1
       0
       0
       1
       0
       0
       0
       0
       0
       0
       0
       1
       0
       0
       0
       0
       0
       0
       0
       0
       0
       1
       0
       0
       1
       0
       1
       0
       0
       1
       0
       0
       1
       1
       0
       0
       0
       0
       0
       0
       0
       1
       0
       0
       0
       0
       1
       0
       0
       1
       0
       0
       0
       0
       0
       0
       0
       0
       0
       0
       0
       0
       0
       0
       0
       0
       0
       1
       0
       0
       0
       0
       0
       0
       0
       2
       0
       1
       0
       0
       2
       0
       0
       0
       0
       0
       0
       0
       0
       0
       0
       2
       0
       0
       0
       1
       0
       0
       0
       0
       1
       0
       0
       0
       0
       1
       0
       0
       0
       0
       0
       0
       0
       0
       0
       0
       0
       0
       0
       0
       0
       0
       0
       0
       0
       0
       0
       0
       0
       0
       0
       0
       0
       0
       0
       0
       0
       0
       0
       0
       0
       0
       0
       0
       0
       0
       0
       0
       0
       1
       1
       1
       0
       0
       0
       0
       0
       0
       0
       0
       0
       0
       0
       0
       0
       0
       1
       0
       0
       0
       1
       1
       0
       0
       0
       0
       0
       0
       1
       0
       0
       0
       1
       0
       0
       1
       0
       0
       0
       0
       0
       0
       0
       0
       1
       0
       0
       0
       0
       0
       0
       0
       0
       0
       0
       0
       0
       0
       0
       0
       0
       0
       0
       1
       0
       0
       0
       0
       0
       0
       0
       0
       0
       1
       0
       0
       1
       0
       0
       1
       0
       0
       0
       1
       0
       0
       0
       0
       0
       0
       0
       0
       0
       0
       0
       0
       0
       0
       0
       0
       0
       2
       0
       0
       0
       0
       0
       0
       0
       0
       0
       0
       1
       0
       0
       0
       0
       0
       0
       0
       0
       1
       0
       0
       0
       0
       0
       0
       0
       0
       0
       0
       0
       0
       0
       0
       0
       0
       0
       0
       0
       0
       0
       0
       0
       0
       0
       0
       0
       0
       0
       0
       0
       0
       0
       0
       0
       0
       0
       0
       0
       0
       0
       0
       0
       0
       0
$ROI:
0
$PRESETS:
None
0
0
$ENER_FIT:
-10.130505 2.230151
$MCA_CAL:
3
-1.013050E+001 2.230151E+000 -7.695740E-005 keV
$SHAPE_CAL:
3
6.128848E+000 7.994157E-002 -1.373380E-004
