$SPEC_ID:
No sample description was entered.
$SPEC_REM:
DET# 2
DETDESC# BGO detector for MSc Detector lab
AP# Maestro Version 7.01
$DATE_MEA:
09/22/2020 18:51:15
$MEAS_TIM:
599 600
$DATA:
0 1023
       0
       0
       0
       0
       0
      59
     679
    1130
    1605
    2236
    3138
    4332
    5415
    6489
    7061
    7489
    7740
    7403
    6846
    6201
    5376
    4371
    3605
    2936
    2323
    1860
    1607
    1365
    1192
    1140
    1132
    1162
    1172
    1276
    1349
    1438
    1474
    1593
    1750
    1809
    1949
    2078
    2088
    2195
    2326
    2411
    2427
    2354
    2330
    2293
    2304
    2141
    2055
    1890
    1807
    1579
    1483
    1414
    1258
    1156
    1044
     949
     897
     839
     775
     808
     757
     766
     683
     730
     649
     646
     653
     608
     622
     659
     686
     662
     621
     675
     717
     620
     664
     596
     654
     654
     658
     652
     643
     630
     632
     646
     631
     703
     672
     614
     627
     668
     687
     652
     590
     647
     674
     633
     605
     634
     590
     562
     575
     520
     577
     544
     556
     579
     526
     544
     496
     511
     571
     480
     536
     482
     490
     497
     475
     469
     460
     499
     510
     459
     506
     449
     457
     457
     446
     422
     482
     409
     424
     450
     453
     418
     390
     432
     405
     416
     392
     404
     404
     418
     426
     425
     416
     415
     389
     435
     461
     440
     419
     442
     455
     482
     456
     462
     476
     506
     488
     545
     511
     519
     558
     538
     545
     574
     573
     590
     585
     593
     572
     615
     603
     590
     610
     608
     648
     606
     587
     584
     644
     623
     629
     631
     604
     673
     621
     645
     640
     669
     660
     672
     686
     626
     668
     818
     755
     758
     752
     861
     806
     889
     878
     896
     944
     930
     980
    1011
    1006
     990
     994
    1075
     996
    1025
    1091
    1015
    1039
    1061
    1012
    1002
     957
     986
     976
     975
     886
     871
     789
     857
     760
     734
     649
     692
     646
     589
     555
     554
     518
     498
     429
     384
     372
     368
     324
     293
     283
     271
     260
     222
     213
     222
     180
     163
     155
     123
     135
     135
     137
     102
     108
     114
      98
      94
      98
      76
      85
      69
      78
      65
      67
      73
      61
      68
      62
      54
      57
      44
      63
      55
      62
      56
      59
      51
      54
      63
      50
      54
      51
      47
      37
      52
      64
      56
      47
      46
      42
      37
      56
      47
      45
      40
      39
      43
      46
      65
      51
      43
      54
      36
      48
      46
      35
      47
      42
      45
      45
      43
      51
      42
      55
      47
      43
      41
      42
      50
      23
      44
      45
      39
      36
      53
      46
      44
      42
      43
      45
      36
      44
      49
      38
      37
      38
      32
      25
      40
      46
      50
      43
      48
      44
      44
      54
      50
      34
      53
      32
      43
      38
      53
      48
      54
      37
      49
      47
      50
      42
      50
      42
      56
      48
      44
      43
      42
      42
      57
      49
      45
      48
      47
      40
      39
      50
      31
      43
      45
      37
      30
      37
      27
      29
      37
      35
      43
      29
      39
      45
      44
      32
      36
      24
      38
      29
      29
      25
      34
      22
      28
      30
      25
      35
      24
      27
      25
      15
      22
      24
      36
      16
      25
      26
      21
      20
      21
      28
      20
      25
      25
      20
      22
      25
      23
      13
      20
      18
      21
      19
      19
      23
      19
      28
      20
      26
      19
      16
      20
      34
      24
      21
      22
      20
      25
      28
      17
      27
      25
      26
      23
      23
      19
      23
      24
      22
      33
      22
      27
      21
      25
      17
      19
      25
      26
      23
      24
      28
      24
      20
      26
      28
      17
      17
      23
      16
      27
      17
      19
      22
      24
      19
      24
      16
      21
      21
      19
      14
      20
      18
      12
      15
      16
      19
      18
      16
      21
      18
      20
      21
      19
       9
      14
      17
      16
      23
      18
      22
      18
      23
      19
       9
      19
      19
      20
      18
      20
      13
      15
      24
      19
      17
      10
      19
      20
      14
      24
      10
      19
      25
      13
      16
      21
      16
      18
      21
      20
      10
      17
      16
      21
      16
      29
      19
      18
      22
      23
      15
      24
      15
      24
      16
      20
      16
      31
      19
      21
      17
      18
      23
      18
      20
      18
      15
      16
      16
       9
      16
      17
      18
      25
      13
      10
      22
      18
      12
      21
      18
      21
      25
      18
      21
      19
      12
      20
      17
      26
      25
      17
      16
      16
      20
      14
      13
      16
      22
      16
      23
      13
      18
      13
      13
      17
      19
      16
      21
      20
      11
      19
      19
      20
      16
      17
      10
      12
      15
      18
      12
      19
       9
      17
      14
      16
      13
      15
      10
      13
      11
      10
      17
       9
      14
      13
      15
      13
      15
      16
      13
      11
       8
      11
      15
      13
       7
      18
      12
      11
      13
      10
      14
      11
      10
      16
      12
      12
      20
      15
       8
      11
      13
      11
       8
      12
      15
      18
      14
      15
      16
      10
      14
      15
      11
      19
      13
      16
      17
      14
      10
      14
      12
      11
      11
      12
      10
      12
      10
       8
       8
      15
       9
      15
      17
      15
      21
      16
      11
      14
      10
      13
      12
      10
       9
      13
      17
      10
      15
      12
       9
       8
      10
      20
      17
      12
      17
      13
       9
       9
       9
       9
       9
      15
      13
       7
      15
      13
      12
      11
      14
      12
      17
       6
       6
      12
       7
       7
       8
      13
       7
      12
      14
       8
       9
      10
      17
      11
       7
      17
      11
       7
      10
      15
       6
       5
      16
       7
      11
      11
      12
       9
       8
       8
      14
      12
      10
       4
      11
       8
       6
       5
       8
      13
      16
      11
      10
      12
      10
       7
      15
       9
       8
       4
       6
       9
      11
      10
      12
       9
       8
       5
       8
       6
       6
       7
       6
      13
       4
       5
       6
       7
       5
      11
      12
      12
       7
       7
       8
       5
       9
      14
       6
      14
       7
      11
       8
       3
       8
       4
      10
       8
       9
       7
       8
       5
       8
       7
       4
      10
       7
       8
       7
      12
      12
       3
       9
      10
       8
       9
      15
       5
      15
       7
       5
       8
      10
      11
      13
      15
       9
       5
      12
      12
      11
       8
      16
      12
       8
      20
      13
      11
      18
      12
      20
      11
      12
      11
      13
      13
       9
      16
      19
      18
      17
      24
      21
      18
      22
      15
      15
      22
      14
      16
      22
      20
      26
      18
      27
      17
      21
      29
      31
      30
      27
      32
      32
      26
      30
      25
      29
      19
      24
      25
      30
      18
      36
      24
      23
      31
      20
      36
      27
      33
      39
      29
      33
      25
      35
      25
      32
      35
      31
      30
      22
      32
      28
      21
      22
      25
      17
      23
      28
      17
      21
      25
      21
      23
      26
      19
      27
      22
      18
      15
      16
      20
      22
      20
      14
      17
      14
      15
      16
      20
      13
      11
      14
      15
      15
      12
      15
       7
      11
      11
      10
       9
      19
       8
       9
      11
       7
       5
      14
      11
       6
       7
      10
       6
       7
       8
       4
       3
       3
       6
       8
       4
       6
       4
       7
       5
       3
       5
       9
       3
       5
       6
       5
       6
       5
       3
       3
       1
       1
       1
       3
       2
       7
       4
       3
       5
       1
       4
       1
       2
$ROI:
0
$PRESETS:
Live Time
1200
0
$ENER_FIT:
0.000000 0.000000
$MCA_CAL:
3
0.000000E+000 0.000000E+000 0.000000E+000 
$SHAPE_CAL:
3
0.000000E+000 0.000000E+000 0.000000E+000
