$SPEC_ID:
No sample description was entered.
$SPEC_REM:
DET# 2
DETDESC# SPACESCIENCE8 digiBASE-RH SN 15121449
AP# Maestro Version 7.01
$DATE_MEA:
09/27/2024 11:24:19
$MEAS_TIM:
2384 2404
$DATA:
0 1023
       0
       0
       0
       0
       0
       0
       0
       0
       0
       0
   17302
   58087
   49083
   40526
   37006
   37840
   43214
   53680
   67206
   85514
  107955
  132363
  157729
  184415
  208272
  227552
  240633
  245570
  243593
  232711
  214688
  192872
  166474
  140400
  114134
   89464
   69503
   52532
   38694
   27906
   19860
   14145
   10171
    7502
    5464
    4453
    3581
    3154
    2787
    2596
    2387
    2329
    2253
    2075
    2115
    1991
    1951
    1848
    1778
    1761
    1692
    1604
    1633
    1492
    1543
    1455
    1481
    1383
    1386
    1330
    1292
    1324
    1291
    1225
    1242
    1229
    1185
    1214
    1120
    1153
    1112
    1071
    1156
    1021
    1049
    1016
    1018
     997
    1052
     985
    1016
     966
     913
     958
     882
     915
     875
     875
     880
     828
     855
     849
     869
     850
     845
     789
     777
     821
     766
     771
     759
     755
     708
     760
     730
     730
     720
     708
     753
     704
     708
     713
     642
     684
     585
     596
     629
     631
     575
     610
     587
     564
     588
     561
     584
     578
     573
     533
     527
     492
     525
     514
     532
     441
     496
     509
     504
     480
     493
     449
     442
     485
     456
     435
     442
     438
     446
     430
     491
     410
     435
     388
     367
     399
     417
     401
     390
     383
     410
     372
     363
     357
     320
     396
     389
     392
     380
     370
     353
     336
     342
     334
     343
     329
     321
     308
     303
     328
     335
     273
     305
     311
     286
     273
     249
     276
     305
     244
     279
     258
     240
     255
     246
     251
     242
     234
     230
     240
     255
     246
     203
     217
     247
     227
     216
     205
     212
     212
     206
     216
     209
     201
     201
     195
     206
     196
     194
     194
     206
     201
     215
     215
     192
     157
     174
     163
     185
     193
     169
     171
     189
     162
     167
     155
     169
     182
     190
     166
     165
     167
     198
     171
     177
     157
     193
     154
     178
     168
     169
     161
     155
     181
     161
     172
     163
     153
     172
     148
     158
     183
     164
     140
     172
     160
     138
     174
     170
     142
     143
     152
     154
     154
     171
     146
     161
     162
     134
     160
     157
     145
     155
     143
     157
     154
     139
     167
     148
     142
     148
     172
     161
     181
     161
     169
     159
     173
     184
     160
     177
     148
     174
     161
     162
     160
     154
     158
     163
     172
     163
     149
     148
     177
     160
     148
     151
     153
     141
     181
     157
     146
     125
     140
     138
     130
     137
     132
     110
     121
     125
     115
     106
     106
     101
     106
     121
     104
     105
     118
      97
      89
      94
     108
     122
      97
      75
      78
      92
     103
      82
      97
      88
      92
      94
      94
      81
      72
      95
      93
      82
      84
      69
      73
     106
      71
      83
      72
      80
      84
      76
      75
      70
      92
      74
     109
      75
      87
      73
      85
      84
      82
      79
      70
      74
      84
      73
      69
      63
      75
      74
      70
      76
      76
      67
      79
      81
      69
      77
      75
      68
      59
      63
      78
      69
      74
      70
      67
      81
      64
      72
      62
      69
      67
      58
      58
      65
      78
      60
      59
      53
      68
      72
      76
      80
      65
      49
      62
      72
      65
      53
      66
      71
      68
      56
      51
      55
      61
      64
      78
      59
      68
      77
      62
      62
      75
      52
      47
      62
      50
      64
      57
      62
      60
      62
      55
      59
      71
      68
      55
      55
      70
      72
      72
      57
      71
      60
      55
      65
      65
      64
      68
      72
      69
      67
      71
      64
      54
      78
      69
      67
      73
      68
      75
      67
      67
      57
      70
      65
      61
      52
      56
      64
      60
      68
      61
      56
      62
      51
      61
      57
      52
      46
      52
      55
      63
      60
      46
      57
      57
      58
      48
      53
      57
      50
      60
      59
      47
      51
      43
      42
      54
      41
      40
      46
      34
      44
      42
      46
      41
      46
      51
      37
      48
      51
      26
      37
      39
      46
      30
      52
      48
      49
      35
      44
      33
      44
      45
      40
      39
      30
      37
      35
      40
      47
      42
      41
      47
      52
      46
      48
      38
      44
      39
      38
      50
      43
      60
      51
      47
      49
      41
      51
      42
      35
      48
      42
      43
      38
      52
      51
      53
      46
      49
      38
      51
      42
      44
      40
      37
      43
      35
      29
      47
      48
      36
      40
      42
      42
      40
      38
      51
      36
      25
      32
      35
      35
      44
      39
      32
      33
      31
      42
      38
      33
      40
      34
      26
      45
      32
      27
      37
      27
      44
      29
      32
      29
      30
      30
      30
      39
      27
      31
      24
      27
      30
      31
      31
      32
      28
      26
      32
      28
      36
      29
      36
      42
      20
      29
      27
      34
      31
      30
      33
      22
      29
      35
      19
      29
      26
      27
      28
      29
      32
      29
      26
      19
      31
      22
      25
      41
      38
      30
      21
      14
      35
      28
      25
      21
      22
      26
      23
      31
      17
      43
      23
      15
      14
      30
      21
      29
      28
      27
      32
      33
      19
      37
      31
      39
      25
      29
      25
      40
      27
      27
      39
      29
      25
      44
      36
      33
      38
      43
      35
      42
      42
      44
      42
      43
      36
      48
      52
      48
      58
      50
      62
      48
      61
      51
      45
      63
      51
      66
      59
      46
      56
      56
      80
      75
      61
      78
      74
      73
      67
      79
      74
      74
      88
      77
      81
      85
      73
      74
      76
      91
      66
      62
      87
      83
      73
      72
      80
      79
      81
      84
      90
      77
      64
      76
      70
      61
      80
      65
      62
      69
      56
      71
      70
      71
      55
      44
      56
      46
      40
      50
      60
      47
      51
      44
      44
      40
      31
      39
      45
      32
      38
      35
      34
      36
      42
      30
      28
      17
      24
      17
      22
      25
      24
      28
      21
      13
      23
      16
      17
      19
      12
      17
      21
      25
      20
      13
      13
      15
      15
      13
      18
      12
      15
      13
      12
      14
      13
      12
      19
      14
      14
      15
      18
      13
      10
      14
      16
      10
      10
       8
      11
      10
      11
      14
      10
      18
      11
       6
       9
       9
       7
      13
      16
       8
      16
       7
      15
      14
      13
      10
      16
      10
      14
      13
      15
      13
      13
      10
      20
      12
       9
      12
      15
      16
      12
      12
      11
      14
      19
      19
      12
      22
       8
      21
      22
       9
      14
      13
      18
      16
      15
      13
      18
      17
      19
      21
      20
      17
      15
      16
      25
      13
      19
      19
      17
      18
      17
      21
       9
      25
      14
      15
      13
      18
      12
      17
      15
      17
      16
      18
      12
      13
      18
      22
      23
      14
      15
      13
      13
      17
      14
      14
       8
      13
      21
      15
      12
      11
      17
      14
      13
       9
      13
      14
      11
       9
       8
       8
       8
      17
      13
       7
      13
       8
       7
       6
      14
      12
       9
       9
      14
       5
       9
      12
      10
      12
       8
       5
      10
      10
       9
       6
       7
       4
       2
      10
       8
       4
      11
       6
       2
       8
       7
       6
       7
       6
       3
       6
       8
       7
       6
       5
       3
       7
       4
       1
       4
       2
       5
       7
       2
       8
       2
       1
       2
       0
       3
       5
       2
       4
       2
$ROI:
4
10 146
279 400
564 664
667 763
$PRESETS:
None
0
0
$ENER_FIT:
13287.087891 -38.223091
$MCA_CAL:
3
1.328709E+004 -3.822309E+001 3.013393E-002 keV
$SHAPE_CAL:
3
-3.726818E+002 1.312310E+000 -1.046320E-003
