$SPEC_ID:
No sample description was entered.
$SPEC_REM:
DET# 2
DETDESC# BGO detector for MSc Detector lab
AP# Maestro Version 7.01
$DATE_MEA:
09/22/2020 16:21:10
$MEAS_TIM:
900 900
$DATA:
0 1023
       0
       0
       0
       0
       0
      28
     291
     349
     308
     273
     254
     265
     258
     271
     267
     268
     277
     246
     246
     260
     273
     314
     321
     328
     332
     370
     421
     437
     462
     477
     542
     551
     580
     599
     614
     673
     637
     726
     687
     779
     822
     787
     812
     854
     851
     889
     907
     902
     830
     880
     898
     885
     850
     901
     863
     893
     830
     826
     796
     760
     720
     690
     706
     690
     696
     705
     687
     635
     665
     656
     625
     628
     634
     647
     616
     623
     598
     552
     590
     603
     594
     570
     583
     528
     522
     562
     536
     549
     509
     505
     538
     496
     487
     530
     518
     507
     464
     449
     443
     468
     492
     472
     467
     439
     407
     431
     482
     426
     428
     421
     435
     423
     387
     386
     401
     408
     380
     361
     377
     427
     357
     367
     394
     333
     395
     347
     346
     408
     364
     339
     369
     389
     342
     361
     364
     331
     365
     345
     360
     377
     311
     347
     333
     337
     295
     324
     293
     297
     295
     309
     319
     303
     300
     284
     257
     291
     241
     266
     278
     287
     275
     261
     277
     257
     249
     260
     278
     258
     264
     255
     268
     216
     257
     226
     287
     219
     235
     241
     203
     211
     229
     257
     221
     214
     192
     212
     212
     203
     199
     214
     207
     196
     185
     211
     199
     189
     188
     191
     190
     186
     177
     187
     206
     185
     185
     178
     158
     183
     180
     171
     195
     171
     178
     185
     167
     161
     186
     175
     166
     150
     150
     157
     164
     152
     163
     150
     160
     165
     145
     151
     155
     129
     155
     128
     142
     134
     123
     142
     124
     102
     113
     113
     126
     109
     126
     129
     120
     120
     114
     120
     120
     108
      99
     111
      87
     102
     102
     111
     109
     119
     105
     110
     107
     107
     101
     117
     107
     103
     102
      98
      97
      90
      92
     115
      80
      93
      97
      89
      94
      87
     102
     105
      79
      77
      87
      81
     102
      99
      92
     112
      93
      90
      99
     100
      80
      91
      93
      94
      95
      79
     107
      88
      81
      95
      72
      74
      88
      87
      86
      89
      75
      89
      74
     101
      89
      97
      74
      88
      88
      86
      90
      93
      98
      64
      69
      76
      70
      94
      77
      80
      73
      81
      76
      90
      69
      76
      82
      80
      76
      63
      70
      80
      83
      81
      91
      70
      75
      78
      79
      87
      74
      79
      68
      86
      87
      71
      73
      83
      71
      67
      83
      69
      71
      83
      70
      80
     101
      88
      72
      84
      84
      78
      87
      68
      78
      88
      83
      81
      75
      85
      82
      68
     102
      67
      69
      64
      59
      71
      63
      76
      78
      96
      78
      73
      68
      77
      51
      72
      78
      61
      61
      56
      53
      68
      65
      72
      57
      65
      65
      53
      60
      61
      41
      53
      67
      52
      44
      55
      52
      46
      48
      51
      53
      68
      47
      55
      48
      50
      37
      48
      49
      52
      47
      49
      42
      48
      52
      40
      41
      54
      41
      52
      31
      42
      38
      44
      50
      49
      40
      43
      41
      48
      37
      41
      60
      33
      41
      42
      49
      59
      42
      52
      53
      39
      41
      36
      44
      39
      48
      53
      44
      42
      46
      40
      36
      45
      59
      51
      44
      41
      42
      51
      33
      53
      39
      50
      60
      47
      30
      43
      46
      36
      48
      30
      46
      49
      40
      35
      52
      44
      57
      36
      37
      41
      33
      46
      32
      50
      38
      32
      35
      49
      36
      42
      35
      45
      38
      40
      40
      41
      40
      27
      33
      32
      38
      31
      37
      35
      35
      45
      27
      40
      43
      46
      27
      39
      33
      27
      39
      33
      31
      42
      47
      36
      35
      40
      34
      49
      44
      42
      37
      35
      34
      37
      49
      40
      41
      29
      31
      36
      38
      33
      33
      30
      38
      34
      36
      53
      34
      39
      28
      43
      45
      39
      32
      33
      45
      34
      31
      29
      34
      35
      36
      28
      44
      41
      40
      35
      30
      28
      40
      28
      33
      49
      40
      32
      44
      36
      41
      43
      35
      32
      35
      35
      28
      38
      34
      36
      38
      35
      38
      35
      50
      35
      43
      30
      47
      31
      30
      27
      35
      33
      35
      35
      25
      34
      30
      26
      24
      27
      15
      31
      34
      26
      28
      19
      32
      25
      34
      22
      24
      28
      20
      23
      22
      20
      25
      31
      21
      21
      23
      24
      26
      35
      27
      24
      34
      20
      21
      27
      20
      24
      22
      22
      16
      19
      28
      32
      21
      27
      24
      29
      22
      17
      24
      30
      32
      29
      18
      36
      32
      22
      29
      36
      30
      27
      47
      30
      27
      16
      39
      44
      36
      46
      40
      31
      45
      37
      36
      36
      33
      40
      47
      45
      55
      47
      54
      48
      63
      58
      70
      58
      51
      53
      49
      61
      56
      65
      74
      62
      67
      92
      73
      72
      81
      82
      94
      69
      86
      81
      78
      80
      81
      91
      82
      91
      93
      90
      90
      88
      91
     106
      81
      93
      79
      98
      90
     102
      95
      84
     100
     101
      87
      98
     101
      94
      97
      96
     101
      86
      98
      78
      81
     100
      77
      79
      79
      64
      69
      76
      76
      66
      88
      69
      65
      81
      64
      67
      60
      67
      57
      60
      68
      64
      59
      58
      52
      56
      42
      62
      53
      44
      45
      57
      41
      43
      53
      39
      44
      42
      46
      43
      46
      45
      56
      54
      48
      43
      60
      49
      61
      49
      48
      63
      57
      52
      50
      47
      64
      49
      60
      56
      60
      61
      55
      63
      70
      58
      72
      62
      72
      59
      77
      71
      62
      71
      58
      87
      80
      78
      80
      73
      75
      72
      63
      70
      82
      64
      72
      87
      78
      88
      72
      80
      87
      89
      75
      80
      81
      60
      75
      77
      77
      82
      63
      70
      82
      85
      66
      80
      84
      64
      68
      67
      69
      65
      74
      66
      61
      72
      53
      61
      53
      59
      72
      49
      47
      59
      66
      61
      55
      54
      67
      63
      59
      49
      52
      55
      52
      55
      45
      56
      52
      43
      53
      56
      53
      58
      56
      51
      44
      44
      64
      39
      46
      32
      48
      61
      42
      52
      45
      46
      42
      58
      43
      47
      44
      52
      50
      48
      50
      44
      40
      47
      56
      44
      31
      38
      42
      38
      40
      47
      46
      54
      45
      41
      33
      45
      39
      38
      44
      27
      34
      45
      36
      34
      43
      38
      32
      31
      13
      24
      24
      20
      27
      20
      22
      23
      24
      15
      32
      25
      22
      31
      34
      28
      23
      20
      13
      19
      15
      20
       9
      16
      15
      10
      15
      16
      11
       9
      14
       4
       8
       9
       6
      13
      12
       7
       7
       8
       8
      11
       7
       7
       7
       5
       9
       4
       2
       8
       6
       8
       5
       7
       7
       5
       5
       4
       5
       4
       4
       2
       7
       5
$ROI:
0
$PRESETS:
Live Time
900
0
$ENER_FIT:
0.000000 0.000000
$MCA_CAL:
3
0.000000E+000 0.000000E+000 0.000000E+000 
$SHAPE_CAL:
3
0.000000E+000 0.000000E+000 0.000000E+000
