$SPEC_ID:
No sample description was entered.
$SPEC_REM:
DET# 2
DETDESC# BGO detector for MSc Detector lab
AP# Maestro Version 7.01
$DATE_MEA:
09/23/2020 18:44:30
$MEAS_TIM:
600 602
$DATA:
0 1023
       0
       0
       0
       0
       0
      90
     783
    1082
    1131
    1331
    1570
    1922
    2285
    2835
    3155
    3415
    3575
    3550
    3464
    3344
    2948
    2622
    2214
    1872
    1575
    1466
    1284
    1086
    1015
     930
     923
     939
     910
     888
     914
     897
     946
    1019
    1012
    1037
    1111
    1101
    1114
    1166
    1145
    1216
    1205
    1218
    1301
    1271
    1247
    1245
    1293
    1284
    1258
    1316
    1285
    1180
    1186
    1260
    1236
    1232
    1181
    1220
    1218
    1206
    1165
    1213
    1181
    1173
    1189
    1165
    1162
    1189
    1135
    1173
    1144
    1185
    1135
    1200
    1138
    1151
    1229
    1142
    1199
    1205
    1147
    1141
    1169
    1180
    1185
    1141
    1165
    1104
    1173
    1146
    1197
    1206
    1232
    1163
    1197
    1212
    1259
    1225
    1241
    1271
    1280
    1225
    1249
    1286
    1280
    1298
    1335
    1384
    1297
    1410
    1350
    1386
    1275
    1275
    1315
    1335
    1345
    1385
    1363
    1257
    1332
    1291
    1338
    1371
    1251
    1276
    1268
    1303
    1324
    1302
    1237
    1241
    1268
    1216
    1167
    1126
    1195
    1186
    1145
    1108
    1091
    1093
    1043
    1113
    1080
    1047
    1066
    1078
    1016
    1044
     993
    1012
     966
     986
    1031
     981
     926
     977
     923
     943
     914
     905
     946
     948
     946
     912
     896
     900
     862
     909
     866
     931
     867
     909
     835
     816
     762
     868
     762
     754
     801
     793
     747
     776
     747
     731
     725
     712
     714
     768
     734
     681
     735
     710
     687
     703
     685
     656
     693
     653
     669
     636
     658
     634
     654
     689
     676
     669
     631
     660
     597
     652
     652
     616
     588
     617
     601
     622
     583
     569
     584
     593
     582
     519
     593
     590
     557
     580
     579
     564
     565
     568
     544
     578
     586
     564
     537
     558
     551
     562
     506
     522
     530
     500
     514
     516
     509
     506
     519
     497
     527
     539
     504
     467
     471
     520
     506
     508
     529
     499
     504
     491
     517
     472
     487
     479
     497
     517
     461
     487
     458
     440
     491
     445
     456
     463
     422
     475
     445
     463
     447
     456
     415
     423
     425
     438
     408
     420
     471
     404
     411
     355
     379
     365
     368
     369
     354
     364
     394
     346
     342
     342
     343
     298
     316
     319
     289
     286
     296
     301
     284
     241
     256
     229
     256
     255
     228
     243
     219
     219
     207
     214
     248
     220
     193
     200
     202
     199
     220
     219
     217
     193
     177
     174
     169
     205
     207
     192
     230
     212
     190
     209
     220
     218
     193
     213
     203
     222
     238
     250
     245
     262
     253
     268
     262
     285
     338
     309
     347
     398
     377
     417
     437
     458
     496
     516
     563
     611
     684
     734
     775
     813
     922
     923
    1002
    1106
    1156
    1309
    1322
    1411
    1592
    1768
    1788
    1869
    2064
    2060
    2209
    2404
    2498
    2637
    2795
    2968
    3060
    3149
    3351
    3397
    3490
    3762
    3841
    4004
    4119
    4148
    4249
    4385
    4600
    4465
    4600
    4725
    4723
    4752
    4965
    4888
    4832
    4827
    4800
    4702
    4805
    4871
    4730
    4798
    4747
    4556
    4572
    4313
    4217
    4106
    4153
    3933
    3948
    3822
    3631
    3486
    3361
    3149
    3092
    2921
    2751
    2697
    2502
    2366
    2276
    2149
    2055
    1925
    1796
    1674
    1596
    1415
    1354
    1332
    1215
    1067
     936
     965
     846
     797
     726
     712
     583
     544
     496
     465
     419
     375
     317
     327
     297
     254
     239
     191
     186
     165
     166
     127
     123
     108
     100
     104
      83
      83
      63
      59
      54
      48
      56
      43
      39
      43
      30
      32
      24
      35
      29
      20
      32
      35
      17
      23
      19
      32
      14
      27
      21
      11
      20
      19
      27
      20
      25
      11
      15
      14
      15
      22
      26
      18
      28
      17
      16
      25
      23
      15
      21
      19
      18
      19
      20
      26
      15
      20
      20
      15
      30
      21
      17
      18
      21
      17
      24
      31
      27
      21
      11
      19
      20
      15
      18
      22
      25
      20
      29
      23
      22
      17
      21
      12
      24
      27
      16
      18
      17
      22
      21
      22
      23
      24
      22
      20
      17
      19
      23
      20
      17
      24
      20
      14
      11
      17
      13
      24
      15
      17
      17
      16
      23
      13
      10
      26
      15
      15
      12
      18
      17
      19
      21
      16
      19
      20
      13
      11
      18
      17
      17
      18
      11
      19
      16
      13
      12
      17
      17
      19
      22
      10
      16
      15
      10
      17
      14
      21
      18
      11
      21
      18
      13
      16
      17
      16
      18
      14
      15
      13
      14
      12
      12
      13
      14
      10
      14
      15
      12
      13
      12
      12
      13
      18
      14
      15
      14
      11
      14
      19
      11
      10
       9
      13
      14
      15
      11
      12
      13
       8
      11
      11
      15
      11
      18
      14
       9
      14
      14
      19
      14
      12
      16
       8
      17
      10
      20
      14
      15
      15
       9
      16
      11
      11
      14
      18
      14
       8
      13
       8
      14
      14
       9
      13
      18
      12
      10
       9
      10
      12
      15
      10
       7
      17
      17
      16
      13
      15
      10
      10
      16
      11
      10
      16
      12
      19
       9
      16
       8
      17
      15
       7
      19
      15
      10
      11
       8
      11
      11
       9
      11
       8
       9
      12
       9
      17
      13
      11
      10
       8
      13
      14
      10
       7
      12
      10
      12
       7
      13
      10
      18
       9
       7
       8
       7
       5
      20
      14
      17
      16
      12
       8
      10
      10
      10
       7
       8
      10
       6
       6
       7
      12
      10
      12
       9
      13
      12
       9
       7
       9
      16
      12
      14
      11
       9
      12
       9
       6
       5
       5
      10
      12
       5
       8
      10
       8
      10
      10
       9
       6
      12
       9
       7
       7
      15
       7
      13
       5
       7
       7
       8
       9
      14
       6
       9
      10
       8
       6
       7
      11
       8
      10
       8
       9
       8
       9
       7
       6
      10
      11
       8
      14
       4
       7
       7
      13
      10
       6
       8
       6
       8
      12
      10
       3
       9
      15
       8
       6
      13
       8
      10
      10
      14
       8
       9
       8
       6
      11
      10
      12
      10
      17
      11
      13
      16
      18
      13
      15
      12
      12
      11
      11
      19
       9
      16
      11
      10
      15
      16
      15
      20
      20
      12
       9
      18
      14
      13
      26
      17
      16
      26
      32
      23
      29
      20
      23
      27
      29
      21
      30
      24
      27
      33
      17
      15
      30
      25
      30
      29
      28
      29
      32
      23
      26
      26
      28
      36
      31
      27
      27
      19
      30
      34
      28
      33
      25
      23
      27
      33
      31
      37
      35
      33
      26
      24
      25
      18
      29
      22
      25
      21
      22
      28
      28
      32
      24
      24
      20
      22
      20
      17
      24
      21
      15
      22
      25
      13
      23
      20
      12
      12
      11
      17
      20
      20
      14
      11
      16
      11
      10
      10
      11
      16
       7
      10
      11
      11
      14
       6
      10
       9
       8
      10
       9
       7
       8
       2
       7
       6
       3
       4
       4
       2
       9
       3
       5
       4
       5
       4
       7
       3
       4
       6
       5
       2
       3
       6
       3
       3
       3
       3
       2
       4
       6
       5
       0
$ROI:
0
$PRESETS:
Live Time
600
0
$ENER_FIT:
0.000000 0.000000
$MCA_CAL:
3
0.000000E+000 0.000000E+000 0.000000E+000 
$SHAPE_CAL:
3
0.000000E+000 0.000000E+000 0.000000E+000
