$SPEC_ID:
No sample description was entered.
$SPEC_REM:
DET# 1
DETDESC# GMX20P4 HPGe
AP# Maestro Version 7.01
$DATE_MEA:
10/09/2020 13:19:19
$MEAS_TIM:
99 102
$DATA:
0 8191
       0
       0
       0
       0
       0
       0
       0
       0
       0
       0
       0
       0
       0
       0
       0
       0
       0
       0
       0
       0
       0
       0
       0
       0
       0
       0
       0
       0
       0
       0
       0
       0
       0
       0
       0
       0
       0
       0
       0
       0
       0
       0
       0
       0
       0
       0
       0
       0
       0
      16
     221
     299
     339
     354
     398
     383
     437
     423
     439
     437
     466
     530
     584
     598
     630
     659
     753
     733
     826
     860
     892
     759
     815
     808
     716
     646
     555
     484
     472
     444
     409
     337
     367
     315
     306
     290
     254
     240
     267
     210
     176
     139
     128
     130
      98
     129
     100
     114
     110
     134
     156
     161
     185
     138
     156
     171
     161
     150
     135
     105
     118
      84
      95
      66
      52
      43
      29
      26
      26
      17
      21
      12
      22
      12
      21
      21
      16
      20
      16
      19
      21
      23
      28
      30
      20
      29
      22
      21
      20
      21
      21
      22
      32
      26
      26
      28
      28
      24
      35
      29
      21
      36
      30
      40
      41
      35
      38
      57
      40
      73
      56
      62
      57
      67
      66
      60
      78
      70
      95
      87
      84
      79
     107
     102
     110
     121
     102
     116
     114
     115
     115
     109
     132
     150
     115
     129
     168
     166
     180
     173
     235
     245
     285
     246
     269
     283
     311
     291
     331
     350
     368
     339
     368
     398
     354
     374
     394
     353
     421
     428
     412
     388
     364
     391
     383
     398
     374
     383
     396
     384
     415
     382
     433
     493
     520
     660
     700
     925
    1089
    1275
    1489
    1721
    1961
    2196
    2289
    2433
    2605
    2549
    2419
    2306
    2056
    1892
    1538
    1350
    1089
     807
     685
     455
     340
     258
     170
     103
      71
      43
      44
      37
      20
      14
      15
      14
      16
      14
      14
      16
      10
       9
      19
      18
      18
       6
      16
      18
      19
      13
      16
      13
      20
      15
      10
      21
      13
      20
      22
      16
      12
      15
      21
      17
      19
      19
      17
      19
      19
      15
      16
      12
      14
      16
      14
      15
      18
      14
       9
      16
      20
      23
      24
      19
      17
      19
      25
      11
      15
      22
      18
       9
      23
      19
      19
      19
      16
      21
      18
      16
      14
      23
      14
       8
      23
      20
      20
      15
      19
      16
      18
      11
      20
      14
      15
      14
      16
      15
       8
      14
      13
      10
      14
      28
      22
      23
      22
      14
      15
      14
       9
      18
      19
      18
      14
      19
      16
      16
      11
      15
      15
      22
      17
      16
      16
      17
      15
      12
      10
      14
      19
      23
      16
      12
      13
       8
      20
      18
      14
      16
      20
      21
      12
      14
      16
      13
      17
      24
      17
      18
      17
      12
      11
      15
      13
      17
      16
       9
      19
      17
      11
      19
      25
      17
      14
      21
      10
      18
      19
      15
      21
      21
      11
      19
      18
      12
      20
      16
      21
      22
      13
      17
      14
       8
       7
      12
      15
      14
      13
      18
      15
      11
       8
      14
      16
      15
       8
      18
      10
      11
      12
      13
      20
      13
      18
      12
      13
      14
      13
      13
      19
      14
      10
      17
      12
      17
      15
      11
      14
      12
      15
      10
      15
      16
      12
      10
      14
      13
      14
      10
      10
      10
       6
      15
      15
       9
       5
      10
      12
      16
      12
      14
      13
      11
      14
       7
      10
       9
      10
      14
      16
       7
      16
      14
      17
      11
       9
      13
       5
      12
      15
      14
      12
      11
      16
      11
       4
       9
      16
      10
      11
      14
      13
      11
      18
       9
      15
      14
       9
      11
      11
      19
       9
      14
      15
       4
       5
      13
      14
      12
       7
      17
       8
       8
       9
      14
      15
      13
       8
       8
      13
      13
       7
      12
       8
      13
      10
       4
      12
      14
      10
       9
      11
      10
      10
       6
       7
      13
       6
       7
       9
       9
      13
       5
       6
       9
      10
      13
      10
       9
      11
       8
       7
       8
       7
      16
      14
       9
      14
      12
       5
      10
       7
      11
       7
       8
       7
       8
       9
      10
       5
       6
      13
       3
       7
      14
       7
       8
       7
      12
       6
       7
      10
       9
      10
      13
       9
       6
      13
       7
       9
       9
      10
       8
       7
      15
       7
      10
      13
       5
       7
       5
       7
      12
       7
      12
      15
       5
      11
       8
       8
      11
       6
       3
       7
       4
       7
       8
      11
      15
       9
      13
       4
       2
      10
       5
       9
      11
       8
       4
      10
       2
       6
       6
       1
       4
      11
       7
       7
      10
       6
      10
       7
       9
       8
      16
       7
      11
       9
       4
       7
       8
       6
       7
      11
       8
       4
      10
       3
       9
       8
       7
       6
       6
      11
       9
      12
       6
       5
       4
      11
       3
      10
       8
      10
       3
       8
      11
       4
      10
       4
      10
       9
       9
      12
       7
       3
       3
       8
       5
       8
       4
       7
       9
      11
       7
       5
      10
       8
       8
       7
       7
       7
       4
       9
      10
      13
       9
       2
       5
       6
       7
       5
       5
       7
       5
       6
       9
       6
      10
       4
       3
       6
       3
       3
       6
       2
       4
       8
       4
       6
       5
       6
       2
       7
      10
       4
       7
       5
       8
       4
       2
       5
       7
       5
       5
       2
       3
       4
       6
       6
       8
       5
       0
       5
       7
       5
       8
       6
       5
       5
       4
       9
       7
       4
      10
       4
       7
       4
       7
       2
       3
       1
       8
       2
       4
       4
       6
       4
       2
       8
       5
       4
       4
       4
       4
       6
       9
       6
       5
       4
      11
       6
       5
       9
       4
      13
       6
       4
       1
       6
       6
       5
       2
       1
       3
       2
       4
       6
       5
       2
       2
       2
       6
       5
       5
       3
       6
       5
       6
       7
       4
       4
       2
       3
       2
       2
       6
       8
       5
       3
       3
       5
       6
       4
       3
       3
       3
       4
       8
       6
       3
       5
       3
       7
       5
       8
       4
       5
       4
       2
       6
       3
       2
       4
       3
       0
       6
       6
       3
       4
       3
       5
       3
       3
       3
       3
       3
       3
       2
       4
       6
       6
       9
       9
       3
       4
       4
       4
       4
       3
       2
       4
       5
       1
       6
       3
       2
       1
       4
       5
       5
       2
       6
       3
       5
       4
       5
       6
       4
       6
       2
       3
       3
       8
       2
       3
       5
       5
       5
       4
       3
       1
       2
       7
       3
       5
       6
      10
       9
       8
       3
       3
       5
       8
       5
       5
       2
       9
       1
       3
       2
       4
       8
       4
       3
       2
       4
       4
       4
       5
       2
       4
       3
       4
       3
       6
       1
       6
       2
       3
       4
       3
       4
       2
       3
       2
       3
       2
       3
       5
       8
       4
       2
       3
       3
       4
       7
       2
       6
       5
       2
       6
       3
       6
       4
       1
       3
       2
       3
       4
       1
       2
       4
       3
       4
       1
       4
       2
       2
       3
       3
       4
       3
       4
       3
       1
       3
       5
       4
       3
       5
       3
       5
       3
       7
       2
       2
       4
       0
       0
       6
       7
       2
       5
       2
       2
       1
       4
       2
       2
       5
       1
       2
       3
       3
       4
       2
       0
       2
       1
       1
       1
       4
       1
       3
       6
       4
       4
       4
       4
       1
       5
       2
       3
       6
       3
       2
       3
       5
       1
       3
       4
       3
       0
       4
       5
       3
       6
       1
       4
       0
       2
       5
       3
       1
       5
       2
       2
       4
       1
       1
       3
       2
       1
       1
       4
       2
       4
       2
       0
       3
       3
       2
       3
       1
       1
       2
       3
       1
       2
       2
       1
       1
       3
       3
       0
       3
       2
       3
       1
       1
       1
       4
       1
       2
       1
       0
       1
       0
       1
       3
       1
       4
       5
       3
       2
       3
       3
       3
       0
       4
       5
       1
       5
       2
       2
       0
       2
       3
       0
       4
       3
       1
       1
       6
       5
       0
       1
       1
       4
       3
       7
       4
       2
       6
       2
       2
       4
       3
       5
       3
       2
       4
       1
       5
       3
       1
       4
       2
       2
       0
       4
       0
       2
       1
       0
       0
       2
       0
       1
       0
       1
       1
       0
       1
       2
       2
       1
       5
       1
       1
       3
       1
       2
       2
       2
       6
       1
       3
       2
       4
       0
       1
       1
       4
       0
       1
       2
       1
       2
       2
       1
       0
       1
       3
       1
       1
       1
       1
       1
       1
       2
       3
       3
       2
       1
       5
       1
       1
       3
       2
       1
       2
       6
       2
       0
       0
       0
       6
       2
       4
       1
       2
       3
       3
       1
       2
       0
       0
       3
       1
       3
       1
       0
       1
       0
       0
       3
       2
       3
       0
       4
       0
       4
       4
       2
       3
       1
       2
       1
       3
       1
       3
       0
       2
       2
       1
       1
       2
       2
       0
       1
       1
       3
       0
       2
       1
       2
       1
       2
       2
       1
       2
       2
       1
       1
       0
       2
       1
       1
       1
       1
       2
       2
       3
       1
       0
       1
       0
       1
       4
       2
       0
       2
       3
       2
       0
       3
       2
       1
       0
       2
       4
       2
       5
       4
       2
       2
       1
       1
       3
       2
       2
       2
       1
       0
       3
       3
       1
       3
       1
       0
       1
       3
       1
       3
       0
       2
       1
       1
       2
       2
       1
       0
       1
       4
       1
       0
       1
       1
       2
       1
       1
       1
       1
       2
       1
       2
       5
       2
       2
       2
       4
       7
       2
       1
       2
       3
       3
       3
       3
       5
       3
       7
       4
       4
       5
       3
       3
       0
       1
       6
       1
       0
       0
       1
       1
       2
       4
       2
       2
       1
       1
       4
       2
       3
       1
       1
       3
       3
       2
       1
       2
       1
       3
       1
       0
       2
       1
       1
       1
       1
       1
       0
       2
       3
       1
       2
       0
       1
       2
       2
       1
       1
       0
       0
       2
       1
       1
       2
       3
       3
       0
       2
       0
       0
       2
       0
       0
       0
       1
       0
       1
       0
       3
       2
       1
       0
       0
       4
       3
       1
       2
       0
       2
       1
       0
       1
       4
       2
       1
       1
       1
       2
       0
       2
       0
       1
       2
       3
       0
       2
       4
       5
       0
       1
       0
       2
       3
       2
       3
       1
       1
       1
       1
       1
       1
       1
       1
       2
       2
       2
       0
       0
       2
       1
       1
       0
       1
       0
       4
       1
       4
       0
       0
       0
       4
       2
       0
       0
       0
       1
       1
       1
       0
       2
       3
       3
       1
       1
       1
       0
       2
       1
       1
       2
       2
       0
       0
       0
       1
       1
       0
       3
       0
       2
       0
       1
       1
       2
       0
       1
       0
       0
       0
       0
       1
       0
       0
       0
       1
       2
       0
       0
       2
       2
       0
       1
       1
       1
       4
       1
       1
       2
       0
       2
       1
       2
       0
       2
       0
       1
       3
       1
       1
       1
       0
       2
       0
       0
       2
       1
       2
       2
       1
       0
       2
       1
       2
       1
       3
       1
       0
       0
       1
       1
       2
       2
       1
       2
       3
       0
       2
       1
       2
       2
       2
       2
       0
       1
       1
       0
       1
       2
       0
       1
       0
       0
       0
       2
       2
       3
       1
       2
       0
       4
       1
       1
       0
       0
       1
       1
       1
       2
       1
       0
       0
       2
       1
       1
       3
       1
       1
       2
       1
       1
       0
       1
       1
       1
       0
       0
       1
       0
       3
       0
       1
       2
       2
       0
       0
       1
       1
       0
       1
       1
       0
       2
       3
       0
       1
       1
       1
       2
       0
       0
       1
       1
       0
       0
       0
       1
       0
       0
       1
       0
       3
       0
       1
       1
       0
       1
       0
       0
       1
       1
       1
       1
       2
       2
       0
       2
       0
       0
       2
       1
       1
       0
       1
       2
       1
       1
       1
       1
       1
       4
       2
       1
       1
       0
       3
       2
       0
       1
       0
       1
       4
       0
       2
       1
       1
       0
       2
       1
       0
       0
       1
       1
       3
       0
       1
       1
       0
       1
       0
       0
       0
       4
       0
       1
       2
       0
       0
       2
       2
       1
       0
       1
       1
       0
       1
       1
       0
       1
       1
       2
       2
       1
       0
       1
       1
       0
       1
       0
       0
       0
       0
       0
       0
       2
       1
       3
       1
       2
       0
       0
       0
       3
       1
       1
       3
       1
       0
       1
       3
       0
       0
       2
       1
       4
       0
       2
       1
       1
       0
       1
       1
       0
       0
       0
       2
       1
       1
       1
       0
       1
       1
       1
       0
       0
       0
       0
       0
       1
       0
       1
       1
       1
       1
       1
       1
       0
       0
       0
       0
       1
       0
       1
       2
       0
       1
       0
       1
       0
       3
       1
       0
       2
       0
       0
       0
       2
       1
       3
       0
       0
       1
       1
       0
       2
       1
       1
       0
       0
       0
       0
       1
       0
       2
       1
       4
       1
       0
       1
       1
       1
       0
       1
       1
       3
       0
       1
       0
       0
       2
       1
       2
       1
       1
       0
       2
       2
       3
       1
       1
       0
       0
       1
       0
       0
       0
       1
       0
       0
       0
       2
       2
       1
       0
       1
       1
       2
       1
       0
       1
       0
       1
       2
       0
       2
       1
       2
       2
       3
       0
       1
       0
       1
       0
       1
       0
       0
       1
       1
       0
       0
       0
       0
       1
       1
       1
       1
       0
       1
       0
       0
       1
       0
       1
       1
       1
       1
       3
       0
       1
       0
       2
       0
       0
       0
       0
       0
       1
       2
       2
       0
       2
       2
       1
       1
       0
       2
       0
       0
       3
       2
       2
       1
       2
       0
       1
       0
       0
       0
       1
       2
       0
       0
       0
       1
       1
       1
       3
       1
       1
       0
       0
       2
       1
       0
       1
       0
       1
       3
       1
       0
       0
       1
       1
       0
       1
       0
       2
       0
       2
       1
       1
       1
       0
       0
       0
       1
       1
       3
       0
       1
       1
       1
       0
       1
       0
       1
       1
       0
       1
       1
       0
       1
       1
       0
       1
       2
       1
       3
       2
       0
       2
       1
       0
       0
       1
       0
       1
       1
       0
       0
       1
       3
       0
       1
       1
       3
       1
       0
       0
       0
       1
       1
       3
       2
       2
       4
       2
       0
       0
       0
       0
       0
       0
       1
       1
       2
       0
       0
       0
       0
       1
       0
       0
       0
       0
       2
       1
       0
       0
       0
       0
       1
       1
       2
       0
       0
       0
       1
       0
       1
       2
       1
       0
       2
       0
       1
       0
       1
       1
       1
       1
       0
       0
       1
       1
       0
       1
       0
       1
       1
       0
       0
       1
       2
       2
       1
       1
       1
       1
       1
       0
       0
       1
       0
       0
       2
       1
       1
       1
       0
       0
       1
       0
       1
       1
       0
       1
       0
       0
       0
       0
       0
       0
       0
       0
       2
       4
       0
       2
       1
       0
       0
       0
       0
       1
       1
       0
       0
       3
       0
       1
       0
       1
       3
       0
       2
       0
       0
       0
       3
       0
       1
       2
       0
       0
       0
       0
       0
       0
       0
       0
       0
       0
       1
       0
       0
       0
       0
       0
       1
       1
       0
       2
       0
       1
       1
       1
       1
       1
       0
       2
       0
       1
       0
       0
       2
       1
       0
       3
       1
       0
       1
       0
       0
       2
       3
       0
       1
       1
       2
       0
       1
       0
       0
       0
       0
       0
       0
       0
       1
       0
       2
       0
       0
       2
       1
       1
       0
       1
       0
       0
       0
       0
       0
       2
       0
       2
       2
       0
       0
       2
       0
       1
       0
       0
       1
       1
       1
       3
       0
       1
       0
       1
       1
       1
       0
       1
       1
       1
       1
       0
       2
       0
       1
       0
       0
       1
       0
       0
       1
       1
       0
       0
       0
       0
       0
       4
       1
       2
       0
       1
       1
       2
       1
       1
       0
       0
       2
       1
       2
       0
       1
       1
       0
       3
       0
       0
       1
       0
       0
       0
       1
       0
       0
       0
       1
       0
       1
       0
       0
       0
       1
       0
       1
       0
       0
       0
       0
       1
       2
       0
       0
       0
       0
       2
       2
       1
       0
       1
       0
       2
       1
       0
       1
       0
       0
       1
       0
       1
       0
       0
       1
       1
       0
       1
       0
       3
       0
       0
       1
       0
       0
       2
       0
       1
       0
       0
       1
       0
       0
       0
       2
       1
       2
       2
       2
       5
       2
       1
       2
       0
       5
       3
       1
       0
       2
       1
       2
       0
       1
       0
       1
       0
       0
       1
       1
       0
       0
       1
       0
       1
       1
       0
       1
       2
       0
       0
       0
       0
       0
       0
       2
       0
       1
       0
       0
       0
       3
       0
       1
       0
       2
       0
       0
       1
       0
       0
       0
       0
       1
       1
       0
       2
       0
       0
       1
       1
       2
       1
       0
       0
       0
       1
       0
       0
       0
       1
       0
       0
       1
       0
       0
       1
       0
       0
       0
       1
       0
       0
       0
       1
       1
       0
       0
       0
       1
       1
       0
       0
       0
       1
       1
       2
       0
       0
       2
       0
       3
       0
       0
       1
       0
       0
       0
       0
       0
       0
       0
       0
       0
       0
       1
       1
       1
       1
       1
       1
       0
       0
       2
       1
       0
       0
       0
       0
       1
       0
       1
       1
       0
       0
       0
       1
       1
       0
       0
       0
       0
       0
       1
       1
       0
       0
       0
       0
       1
       1
       0
       0
       0
       2
       0
       0
       0
       0
       0
       0
       0
       0
       1
       0
       2
       0
       1
       1
       0
       1
       0
       1
       1
       0
       0
       1
       0
       0
       1
       1
       0
       2
       0
       0
       0
       0
       1
       2
       1
       1
       0
       2
       0
       0
       0
       0
       0
       1
       0
       1
       0
       2
       0
       0
       1
       0
       0
       0
       0
       3
       1
       0
       2
       1
       0
       0
       2
       0
       1
       0
       0
       0
       1
       0
       0
       0
       1
       2
       0
       0
       2
       0
       0
       1
       0
       0
       0
       0
       0
       0
       1
       0
       0
       0
       1
       0
       1
       0
       0
       0
       0
       0
       0
       0
       0
       0
       0
       0
       0
       0
       1
       0
       1
       1
       0
       1
       0
       0
       1
       1
       0
       0
       1
       0
       2
       1
       1
       0
       0
       0
       0
       0
       0
       1
       0
       1
       0
       1
       1
       1
       0
       0
       0
       1
       0
       2
       0
       0
       0
       0
       0
       0
       1
       0
       0
       2
       1
       1
       0
       0
       1
       0
       0
       0
       0
       0
       1
       0
       0
       0
       0
       0
       0
       0
       0
       0
       1
       2
       0
       0
       1
       0
       0
       0
       1
       0
       0
       1
       1
       0
       0
       0
       0
       0
       0
       1
       0
       1
       1
       1
       0
       0
       0
       1
       1
       2
       0
       0
       0
       1
       1
       2
       0
       1
       1
       0
       1
       0
       0
       1
       0
       0
       1
       0
       0
       0
       0
       0
       1
       0
       1
       0
       0
       0
       0
       0
       0
       0
       0
       0
       0
       1
       0
       1
       1
       2
       1
       1
       0
       1
       0
       0
       0
       0
       1
       1
       0
       0
       0
       0
       0
       0
       0
       1
       0
       0
       0
       0
       1
       0
       0
       1
       0
       0
       4
       0
       0
       0
       1
       1
       0
       0
       1
       0
       0
       1
       1
       0
       0
       0
       0
       0
       2
       1
       1
       0
       0
       1
       2
       0
       1
       0
       1
       3
       0
       1
       1
       0
       2
       0
       0
       0
       1
       1
       0
       0
       1
       0
       0
       1
       0
       0
       1
       0
       0
       1
       0
       0
       1
       0
       0
       0
       0
       0
       2
       0
       1
       0
       0
       0
       0
       0
       0
       1
       0
       1
       0
       1
       0
       0
       0
       2
       3
       1
       0
       0
       0
       0
       1
       0
       0
       0
       0
       0
       0
       0
       1
       0
       0
       0
       0
       0
       1
       0
       0
       0
       1
       0
       0
       0
       2
       1
       0
       1
       0
       0
       0
       0
       0
       0
       0
       0
       1
       0
       0
       2
       0
       2
       1
       0
       1
       0
       0
       0
       1
       0
       0
       0
       0
       1
       0
       0
       0
       1
       0
       1
       0
       1
       1
       2
       0
       1
       0
       0
       0
       2
       0
       1
       0
       1
       0
       0
       0
       1
       0
       0
       0
       1
       0
       0
       0
       0
       0
       0
       1
       0
       2
       1
       0
       0
       0
       0
       0
       0
       3
       0
       0
       0
       0
       1
       1
       1
       1
       0
       0
       1
       2
       1
       0
       1
       0
       1
       0
       0
       0
       0
       1
       2
       2
       0
       0
       0
       2
       2
       0
       0
       1
       0
       0
       0
       0
       1
       0
       0
       3
       0
       0
       0
       0
       1
       0
       1
       0
       0
       0
       1
       0
       1
       1
       0
       1
       0
       0
       0
       0
       0
       0
       0
       0
       0
       0
       1
       0
       1
       0
       0
       0
       0
       0
       0
       0
       0
       0
       1
       0
       0
       0
       0
       1
       0
       0
       1
       0
       1
       0
       0
       1
       0
       1
       1
       0
       1
       0
       0
       0
       0
       0
       1
       1
       1
       0
       0
       0
       1
       0
       0
       1
       0
       0
       0
       0
       0
       0
       2
       0
       0
       0
       0
       0
       0
       1
       0
       0
       0
       0
       0
       1
       3
       0
       0
       0
       0
       0
       0
       0
       1
       0
       0
       0
       0
       1
       0
       0
       0
       0
       0
       0
       1
       1
       0
       1
       0
       0
       0
       0
       1
       0
       0
       0
       0
       3
       0
       0
       0
       0
       0
       1
       0
       2
       1
       1
       1
       1
       0
       0
       0
       0
       0
       0
       0
       0
       0
       0
       1
       1
       2
       1
       1
       0
       0
       0
       0
       0
       0
       0
       0
       0
       1
       0
       0
       1
       0
       1
       0
       0
       0
       0
       1
       0
       1
       0
       1
       0
       0
       1
       1
       0
       0
       0
       0
       0
       0
       0
       0
       0
       0
       0
       0
       2
       1
       0
       1
       1
       1
       0
       0
       1
       0
       0
       0
       1
       0
       0
       1
       0
       0
       0
       0
       0
       1
       0
       1
       1
       0
       0
       0
       0
       0
       1
       0
       0
       2
       1
       0
       0
       0
       1
       0
       0
       1
       1
       0
       1
       1
       0
       3
       0
       0
       1
       0
       0
       0
       1
       0
       0
       1
       0
       0
       1
       2
       0
       0
       1
       1
       1
       1
       0
       0
       0
       0
       0
       0
       0
       1
       0
       0
       0
       1
       0
       1
       1
       0
       0
       0
       1
       1
       1
       1
       0
       1
       0
       1
       0
       2
       0
       0
       0
       0
       0
       0
       0
       1
       1
       0
       0
       1
       0
       0
       1
       0
       2
       0
       0
       0
       1
       0
       0
       0
       0
       0
       0
       0
       0
       1
       0
       0
       1
       1
       0
       0
       1
       0
       0
       0
       0
       0
       0
       1
       0
       0
       1
       0
       0
       0
       0
       1
       0
       0
       1
       0
       0
       0
       0
       1
       0
       0
       0
       0
       0
       0
       0
       0
       0
       0
       0
       1
       2
       0
       0
       0
       0
       0
       1
       0
       0
       0
       0
       1
       0
       0
       0
       0
       0
       0
       0
       0
       0
       0
       0
       1
       0
       1
       1
       1
       0
       0
       0
       0
       3
       0
       0
       0
       0
       0
       1
       1
       0
       0
       0
       0
       0
       2
       0
       2
       1
       1
       1
       0
       0
       0
       1
       2
       0
       1
       0
       2
       0
       0
       1
       0
       1
       1
       0
       0
       0
       0
       0
       0
       0
       0
       0
       0
       0
       0
       2
       0
       0
       0
       0
       1
       0
       0
       0
       1
       0
       0
       0
       1
       1
       0
       0
       0
       2
       1
       1
       0
       0
       1
       0
       2
       0
       1
       1
       0
       1
       1
       0
       1
       0
       1
       0
       0
       0
       0
       0
       0
       0
       0
       0
       0
       0
       0
       0
       0
       0
       1
       2
       0
       1
       0
       0
       0
       0
       1
       1
       0
       1
       0
       1
       0
       2
       0
       0
       1
       0
       0
       1
       0
       0
       1
       0
       0
       0
       0
       0
       2
       0
       0
       0
       0
       0
       0
       0
       0
       0
       2
       0
       0
       0
       0
       0
       0
       0
       1
       0
       0
       0
       1
       1
       1
       2
       0
       0
       1
       0
       1
       1
       1
       1
       0
       1
       1
       0
       0
       0
       0
       0
       0
       0
       1
       0
       0
       0
       0
       0
       0
       0
       0
       0
       0
       1
       0
       0
       0
       0
       1
       0
       1
       0
       1
       0
       0
       0
       0
       0
       0
       0
       0
       0
       0
       2
       0
       1
       0
       0
       1
       0
       1
       0
       2
       0
       0
       0
       0
       0
       1
       0
       1
       0
       0
       0
       0
       0
       0
       1
       0
       0
       1
       0
       0
       0
       2
       0
       2
       0
       1
       0
       0
       0
       0
       0
       0
       0
       1
       0
       0
       0
       1
       0
       1
       0
       0
       0
       2
       0
       1
       1
       0
       0
       0
       0
       0
       0
       0
       0
       3
       1
       0
       0
       0
       1
       0
       0
       0
       0
       0
       0
       0
       0
       1
       1
       0
       0
       0
       0
       0
       0
       0
       2
       0
       1
       0
       0
       0
       0
       0
       0
       0
       0
       0
       0
       0
       0
       0
       1
       0
       1
       0
       0
       0
       1
       0
       1
       0
       1
       1
       0
       1
       0
       1
       1
       0
       0
       1
       0
       0
       0
       1
       0
       0
       0
       0
       0
       0
       0
       0
       0
       0
       0
       0
       0
       1
       0
       0
       0
       0
       1
       0
       0
       0
       0
       0
       0
       0
       0
       0
       0
       0
       1
       0
       0
       0
       1
       1
       0
       0
       1
       0
       1
       0
       0
       0
       0
       2
       1
       1
       1
       1
       3
       1
       0
       2
       0
       1
       1
       2
       1
       0
       0
       1
       1
       2
       0
       1
       2
       0
       1
       0
       1
       0
       0
       2
       1
       2
       0
       0
       0
       0
       2
       0
       0
       0
       1
       1
       1
       0
       0
       2
       0
       0
       0
       0
       0
       0
       1
       0
       0
       0
       1
       0
       0
       0
       0
       1
       1
       0
       0
       0
       1
       0
       1
       0
       0
       0
       0
       0
       0
       0
       0
       0
       1
       0
       0
       1
       0
       2
       0
       0
       0
       0
       0
       1
       0
       1
       0
       0
       1
       0
       3
       1
       0
       1
       0
       0
       0
       0
       0
       1
       0
       0
       0
       0
       0
       0
       0
       0
       0
       1
       1
       0
       1
       0
       0
       0
       1
       1
       0
       0
       0
       0
       0
       0
       0
       0
       1
       0
       0
       0
       1
       0
       1
       0
       0
       0
       0
       0
       0
       1
       0
       1
       0
       1
       0
       0
       0
       1
       0
       0
       0
       0
       0
       1
       0
       0
       0
       0
       0
       1
       0
       0
       0
       2
       0
       1
       0
       1
       0
       2
       0
       0
       0
       0
       0
       0
       0
       1
       0
       1
       1
       0
       0
       1
       0
       0
       0
       0
       0
       0
       0
       0
       0
       1
       1
       0
       0
       0
       0
       0
       0
       0
       0
       0
       1
       0
       1
       2
       0
       1
       0
       2
       0
       1
       0
       0
       0
       0
       1
       0
       0
       1
       2
       0
       0
       0
       0
       1
       0
       1
       1
       0
       0
       0
       0
       0
       1
       0
       0
       0
       0
       0
       1
       1
       0
       1
       0
       0
       2
       0
       0
       0
       0
       1
       0
       0
       0
       1
       2
       1
       0
       1
       0
       0
       1
       0
       1
       0
       0
       0
       0
       1
       0
       1
       0
       0
       0
       0
       0
       1
       0
       0
       0
       1
       0
       0
       0
       0
       0
       1
       1
       0
       0
       0
       0
       0
       0
       0
       0
       0
       2
       0
       1
       0
       0
       0
       0
       0
       0
       0
       0
       1
       1
       0
       2
       0
       0
       0
       1
       0
       0
       0
       2
       0
       0
       1
       0
       0
       0
       0
       0
       0
       0
       0
       0
       0
       0
       0
       0
       0
       0
       0
       1
       0
       0
       0
       0
       0
       0
       0
       0
       0
       0
       0
       0
       0
       0
       0
       0
       0
       0
       0
       0
       1
       0
       1
       1
       0
       0
       1
       0
       1
       0
       0
       0
       1
       0
       0
       0
       0
       0
       0
       0
       0
       1
       0
       0
       1
       0
       0
       0
       0
       0
       0
       1
       0
       1
       0
       0
       0
       0
       0
       1
       0
       0
       0
       1
       0
       0
       1
       0
       0
       0
       0
       1
       0
       0
       0
       0
       0
       1
       0
       0
       0
       0
       0
       0
       0
       0
       0
       0
       1
       0
       0
       1
       2
       0
       0
       0
       0
       0
       0
       0
       0
       0
       0
       0
       0
       0
       0
       0
       0
       0
       0
       0
       0
       0
       0
       0
       0
       0
       0
       0
       0
       0
       1
       0
       0
       0
       1
       0
       0
       1
       0
       0
       0
       1
       0
       0
       0
       0
       0
       0
       0
       0
       0
       0
       0
       1
       1
       0
       0
       0
       1
       0
       1
       0
       0
       0
       1
       0
       0
       0
       0
       1
       0
       0
       0
       0
       0
       0
       1
       1
       0
       0
       0
       0
       0
       0
       0
       0
       0
       1
       0
       0
       0
       1
       1
       0
       0
       0
       0
       0
       0
       3
       0
       0
       0
       0
       0
       0
       0
       0
       1
       0
       0
       0
       0
       0
       0
       0
       0
       1
       1
       1
       0
       0
       0
       0
       0
       1
       0
       1
       0
       1
       1
       0
       0
       0
       0
       0
       0
       0
       0
       1
       1
       1
       0
       0
       1
       0
       0
       0
       0
       0
       0
       1
       0
       0
       0
       0
       1
       2
       0
       0
       0
       0
       0
       0
       0
       0
       2
       0
       2
       1
       0
       1
       1
       0
       1
       1
       0
       1
       0
       0
       0
       0
       1
       1
       0
       1
       0
       0
       1
       0
       1
       0
       0
       0
       0
       0
       1
       0
       0
       0
       0
       0
       1
       1
       1
       0
       0
       0
       0
       0
       0
       0
       1
       1
       1
       1
       0
       0
       0
       2
       0
       1
       0
       0
       0
       0
       0
       0
       0
       0
       1
       0
       1
       0
       0
       0
       0
       0
       0
       0
       0
       0
       0
       1
       0
       0
       1
       0
       0
       0
       0
       0
       0
       1
       0
       0
       0
       0
       0
       1
       1
       0
       0
       0
       1
       1
       0
       0
       0
       0
       0
       0
       0
       0
       0
       0
       0
       0
       1
       1
       0
       2
       0
       0
       0
       0
       0
       0
       1
       0
       0
       0
       0
       0
       0
       1
       0
       1
       0
       1
       0
       0
       0
       0
       1
       0
       0
       0
       0
       0
       0
       1
       0
       0
       0
       1
       2
       2
       0
       0
       0
       1
       1
       0
       0
       0
       0
       0
       0
       0
       0
       0
       0
       0
       1
       2
       2
       0
       1
       2
       3
       0
       1
       0
       1
       1
       0
       0
       0
       0
       1
       0
       0
       0
       0
       0
       0
       0
       0
       0
       0
       0
       0
       0
       0
       0
       0
       0
       0
       0
       0
       0
       0
       0
       0
       0
       1
       0
       1
       0
       0
       0
       0
       0
       0
       1
       0
       1
       0
       1
       0
       1
       0
       0
       0
       0
       0
       1
       0
       2
       2
       0
       0
       0
       0
       0
       0
       0
       0
       0
       2
       1
       0
       0
       1
       0
       0
       0
       0
       0
       0
       0
       1
       0
       2
       0
       2
       0
       0
       2
       0
       0
       0
       0
       1
       0
       0
       0
       0
       0
       1
       1
       0
       0
       0
       0
       1
       0
       0
       0
       0
       0
       0
       2
       1
       1
       0
       0
       1
       0
       0
       1
       0
       0
       0
       0
       0
       1
       0
       0
       0
       0
       0
       0
       0
       0
       0
       0
       0
       0
       0
       0
       0
       2
       0
       0
       0
       0
       2
       1
       0
       0
       0
       0
       1
       0
       0
       1
       1
       0
       0
       1
       0
       0
       0
       0
       1
       0
       0
       0
       0
       0
       0
       0
       0
       0
       1
       0
       0
       0
       0
       1
       2
       0
       0
       1
       1
       0
       0
       1
       0
       0
       2
       0
       0
       1
       0
       2
       0
       0
       1
       0
       0
       0
       1
       0
       1
       0
       0
       0
       1
       0
       0
       1
       0
       3
       0
       0
       1
       1
       0
       1
       0
       1
       0
       0
       0
       0
       0
       0
       0
       0
       1
       1
       0
       0
       1
       1
       0
       0
       0
       1
       0
       0
       0
       1
       0
       0
       0
       0
       1
       0
       0
       1
       0
       0
       0
       1
       1
       0
       0
       1
       0
       0
       0
       1
       1
       0
       2
       0
       0
       1
       1
       0
       1
       1
       0
       0
       1
       1
       0
       1
       0
       0
       0
       1
       0
       1
       0
       0
       0
       1
       1
       0
       1
       3
       0
       0
       0
       1
       0
       0
       2
       1
       1
       0
       0
       1
       0
       0
       0
       0
       0
       1
       0
       0
       0
       0
       0
       2
       1
       1
       1
       0
       0
       1
       0
       0
       0
       0
       0
       0
       0
       0
       0
       0
       0
       0
       0
       1
       0
       0
       0
       0
       0
       0
       0
       0
       0
       0
       0
       0
       0
       1
       0
       0
       0
       0
       0
       1
       0
       1
       1
       1
       0
       0
       0
       0
       0
       0
       1
       0
       0
       0
       1
       0
       0
       1
       0
       1
       0
       0
       1
       0
       2
       0
       0
       0
       1
       0
       2
       1
       0
       1
       0
       1
       1
       2
       0
       1
       1
       0
       0
       0
       0
       0
       0
       0
       0
       2
       0
       0
       0
       0
       1
       0
       0
       0
       0
       0
       0
       0
       0
       0
       0
       0
       0
       0
       1
       0
       0
       0
       0
       0
       0
       1
       0
       0
       0
       0
       0
       0
       0
       0
       0
       0
       0
       0
       0
       2
       1
       1
       0
       0
       0
       0
       0
       0
       1
       0
       0
       0
       0
       0
       1
       0
       0
       1
       0
       0
       1
       0
       0
       0
       0
       0
       1
       0
       1
       0
       0
       1
       0
       0
       1
       0
       0
       1
       0
       0
       0
       0
       0
       0
       0
       0
       1
       0
       0
       0
       0
       1
       0
       0
       1
       0
       0
       1
       0
       1
       0
       0
       0
       0
       0
       1
       0
       0
       0
       0
       0
       0
       0
       0
       1
       0
       0
       0
       0
       0
       1
       0
       0
       0
       0
       0
       3
       0
       1
       0
       0
       0
       0
       0
       0
       0
       0
       1
       0
       0
       0
       0
       0
       0
       0
       1
       0
       0
       0
       0
       0
       0
       0
       0
       0
       0
       0
       1
       0
       0
       1
       1
       0
       0
       0
       0
       0
       0
       0
       0
       0
       0
       0
       0
       0
       0
       0
       0
       0
       0
       0
       0
       1
       0
       0
       0
       0
       0
       0
       0
       1
       0
       0
       0
       0
       0
       0
       0
       0
       0
       0
       0
       0
       0
       0
       0
       0
       1
       0
       0
       0
       1
       0
       0
       0
       1
       0
       0
       1
       0
       1
       0
       0
       0
       0
       0
       0
       0
       0
       1
       0
       0
       0
       0
       0
       0
       0
       0
       0
       0
       0
       0
       0
       1
       0
       0
       0
       0
       1
       0
       0
       0
       1
       0
       0
       2
       0
       0
       0
       0
       0
       0
       0
       1
       0
       0
       0
       0
       0
       0
       0
       0
       0
       0
       1
       0
       0
       0
       0
       2
       0
       0
       0
       0
       1
       0
       0
       1
       0
       0
       0
       0
       0
       0
       0
       0
       0
       0
       0
       0
       0
       1
       0
       0
       0
       0
       0
       0
       0
       0
       0
       0
       0
       0
       0
       0
       0
       0
       0
       0
       1
       0
       0
       0
       0
       0
       0
       0
       0
       1
       0
       0
       0
       0
       0
       0
       0
       1
       0
       0
       0
       1
       1
       0
       0
       0
       0
       0
       1
       0
       0
       0
       1
       0
       0
       0
       0
       1
       0
       0
       0
       0
       0
       0
       0
       0
       0
       0
       0
       0
       0
       0
       0
       0
       0
       0
       0
       0
       0
       0
       0
       0
       0
       0
       0
       0
       0
       0
       0
       0
       0
       0
       0
       0
       0
       0
       0
       0
       0
       0
       1
       0
       0
       0
       0
       0
       1
       0
       1
       0
       0
       0
       0
       0
       0
       0
       1
       0
       0
       0
       0
       0
       0
       0
       0
       0
       0
       0
       0
       0
       0
       0
       0
       0
       0
       0
       0
       0
       0
       0
       1
       0
       0
       0
       1
       0
       0
       0
       0
       0
       2
       0
       0
       0
       0
       0
       0
       0
       0
       0
       1
       0
       0
       0
       0
       0
       0
       0
       0
       0
       0
       0
       0
       0
       0
       0
       0
       2
       0
       0
       0
       0
       1
       0
       0
       0
       0
       0
       0
       0
       0
       0
       0
       0
       0
       0
       0
       0
       0
       0
       1
       0
       0
       0
       0
       0
       0
       0
       0
       0
       1
       0
       0
       0
       0
       0
       1
       0
       0
       0
       0
       0
       0
       1
       0
       0
       0
       0
       0
       0
       0
       0
       0
       0
       0
       0
       0
       0
       0
       0
       0
       0
       0
       0
       0
       0
       0
       0
       1
       1
       0
       0
       0
       0
       0
       0
       0
       0
       0
       0
       0
       0
       0
       0
       0
       0
       0
       0
       0
       0
       0
       0
       0
       0
       0
       0
       0
       0
       0
       1
       1
       0
       0
       0
       0
       0
       1
       0
       0
       0
       1
       0
       0
       0
       0
       0
       0
       0
       0
       0
       0
       0
       0
       0
       1
       0
       0
       0
       0
       0
       0
       0
       0
       0
       0
       0
       0
       0
       0
       0
       0
       0
       0
       0
       0
       0
       0
       0
       0
       0
       0
       0
       0
       0
       0
       0
       0
       0
       0
       0
       0
       1
       0
       0
       0
       0
       0
       0
       0
       0
       1
       0
       0
       1
       0
       0
       0
       0
       0
       0
       0
       0
       0
       0
       0
       0
       0
       0
       0
       0
       1
       0
       0
       0
       0
       0
       0
       0
       0
       0
       0
       0
       0
       0
       0
       0
       0
       0
       0
       0
       0
       0
       0
       0
       0
       0
       0
       0
       0
       0
       0
       0
       0
       0
       0
       0
       0
       0
       0
       0
       0
       0
       0
       0
       0
       0
       0
       0
       0
       0
       0
       0
       0
       0
       0
       1
       0
       0
       0
       0
       0
       0
       1
       0
       0
       0
       0
       0
       0
       0
       0
       0
       0
       0
       0
       0
       0
       0
       0
       0
       0
       0
       0
       0
       0
       2
       1
       0
       0
       1
       1
       1
       1
       1
       0
       2
       1
       3
       2
       2
       3
       5
       7
       2
       7
       2
       4
       8
       7
       5
       7
       6
       2
       3
       3
       3
       3
       2
       2
       1
       1
       0
       0
       0
       1
       0
       0
       1
       0
       0
       0
       0
       0
       0
       0
       0
       0
       0
       0
       0
       0
       0
       0
       0
       0
       0
       0
       0
       0
       0
       0
       0
       0
       0
       0
       0
       0
       0
       0
       1
       0
       0
       0
       0
       0
       1
       0
       0
       0
       0
       0
       0
       0
       0
       1
       0
       0
       0
       0
       0
       0
       0
       0
       0
       0
       0
       0
       0
       0
       0
       0
       0
       0
       0
       0
       0
       0
       0
       0
       0
       0
       0
       0
       0
       1
       0
       0
       0
       0
       0
       0
       0
       0
       0
       0
       0
       0
       0
       0
       0
       0
       1
       0
       1
       0
       0
       0
       0
       0
       1
       0
       0
       0
       0
       0
       0
       0
       0
       0
       0
       0
       0
       0
       0
       0
       0
       0
       0
       0
       0
       0
       0
       0
       0
       0
       0
       0
       0
       0
       0
       0
       0
       0
       0
       0
       0
       0
       0
       0
       0
       0
       0
       0
       0
       0
       0
       0
       0
       0
       0
       0
       0
       0
       0
       0
       0
       0
       0
       0
       0
       0
       0
       0
       0
       0
       0
       0
       0
       1
       0
       0
       0
       0
       0
       0
       0
       0
       0
       0
       0
       0
       1
       0
       0
       0
       0
       0
       0
       0
       1
       0
       0
       0
       0
       0
       0
       0
       0
       0
       0
       0
       0
       0
       0
       0
       0
       0
       0
       0
       0
       0
       0
       0
       1
       0
       0
       0
       0
       0
       0
       0
       0
       0
       0
       1
       0
       0
       0
       0
       0
       0
       0
       0
       0
       0
       0
       0
       0
       0
       1
       0
       0
       0
       0
       0
       0
       0
       0
       0
       0
       0
       0
       0
       0
       0
       0
       0
       0
       0
       0
       0
       0
       1
       0
       0
       0
       0
       0
       0
       0
       0
       0
       0
       0
       0
       0
       0
       0
       0
       0
       0
       0
       0
       0
       0
       0
       0
       0
       0
       0
       0
       0
       0
       0
       0
       1
       0
       0
       0
       0
       0
       0
       0
       0
       0
       0
       0
       0
       0
       0
       0
       0
       0
       0
       0
       0
       0
       0
       0
       0
       0
       0
       0
       0
       0
       0
       0
       0
       0
       0
       0
       0
       0
       0
       0
       0
       0
       0
       0
       0
       0
       0
       0
       1
       1
       0
       0
       0
       0
       0
       0
       0
       0
       0
       0
       0
       0
       0
       0
       0
       0
       0
       0
       0
       0
       0
       0
       0
       0
       1
       0
       0
       0
       0
       0
       0
       0
       0
       0
       0
       0
       0
       0
       0
       0
       0
       0
       0
       0
       0
       0
       0
       0
       0
       0
       0
       0
       0
       0
       0
       0
       0
       0
       1
       0
       0
       0
       0
       0
       0
       0
       0
       0
       0
       0
       0
       0
       0
       0
       1
       0
       0
       0
       0
       0
       0
       0
       0
       0
       0
       0
       1
       0
       0
       0
       0
       0
       0
       0
       0
       0
       0
       0
       0
       1
       0
       0
       0
       0
       0
       0
       0
       0
       0
       0
       0
       0
       0
       1
       0
       0
       0
       0
       0
       0
       0
       0
       0
       0
       0
       1
       0
       0
       0
       0
       0
       0
       0
       0
       0
       0
       0
       0
       0
       0
       0
       0
       0
       0
       0
       0
       0
       0
       1
       0
       0
       0
       0
       2
       0
       0
       1
       0
       0
       0
       1
       0
       0
       0
       1
       0
       0
       0
       0
       0
       0
       0
       0
       0
       0
       0
       0
       0
       0
       0
       0
       0
       0
       0
       0
       0
       0
       0
       0
       0
       0
       0
       0
       0
       0
       0
       1
       0
       0
       0
       0
       0
       0
       0
       0
       0
       0
       0
       0
       1
       0
       0
       0
       0
       0
       0
       0
       0
       0
       0
       0
       0
       0
       0
       0
       0
       0
       0
       0
       0
       0
       0
       0
       0
       0
       1
       0
       0
       0
       0
       0
       0
       0
       0
       0
       0
       0
       0
       0
       0
       0
       0
       0
       0
       0
       0
       0
       0
       0
       0
       0
       0
       0
       0
       0
       0
       0
       0
       0
       0
       0
       0
       0
       0
       0
       0
       0
       0
       0
       0
       0
       0
       0
       0
       0
       0
       0
       0
       0
       0
       0
       0
       0
       0
       0
       0
       0
       0
       0
       0
       0
       0
       0
       0
       0
       0
       0
       0
       0
       0
       0
       0
       0
       0
       0
       0
       0
       0
       0
       0
       0
       1
       0
       0
       1
       0
       0
       0
       0
       0
       0
       0
       0
       0
       0
       0
       0
       0
       0
       0
       0
       0
       0
       0
       0
       0
       0
       0
       0
       0
       0
       0
       0
       0
       0
       0
       0
       0
       0
       0
       0
       0
       0
       0
       0
       0
       0
       0
       0
       0
       0
       0
       0
       0
       0
       0
       0
       0
       0
       0
       0
       0
       0
       0
       0
       0
       0
       0
       0
       0
       0
       0
       0
       1
       0
       0
       0
       0
       0
       0
       0
       0
       1
       0
       0
       0
       0
       0
       0
       0
       0
       0
       0
       0
       0
       0
       0
       0
       0
       0
       0
       0
       0
       0
       0
       1
       0
       0
       0
       0
       0
       0
       0
       0
       0
       0
       0
       0
       0
       1
       0
       0
       0
       0
       0
       0
       0
       0
       0
       0
       0
       0
       0
       0
       0
       0
       0
       0
       0
       0
       0
       0
       0
       0
       0
       0
       0
       0
       0
       0
       0
       0
       0
       0
       0
       0
       0
       0
       0
       0
       0
       0
       0
       0
       0
       0
       0
       0
       0
       0
       0
       0
       0
       0
       0
       0
       0
       0
       0
       0
       0
       0
       0
       0
       0
       0
       0
       0
       0
       0
       0
       0
       0
       1
       0
       0
       0
       0
       0
       0
       0
       0
       0
       0
       0
       0
       0
       0
       0
       0
       0
       0
       0
       0
       0
       0
       0
       0
       0
       0
       0
       0
       0
       0
       1
       0
       0
       0
       1
       0
       0
       0
       0
       0
       0
       0
       0
       0
       0
       0
       0
       0
       0
       0
       0
       0
       0
       0
       0
       0
       0
       0
       0
       0
       0
       0
       0
       0
       0
       0
       0
       0
       0
       0
       0
       0
       0
       0
       0
       0
       0
       0
       0
       0
       0
       0
       0
       0
       0
       0
       0
       0
       0
       0
       0
       0
       0
       0
       0
       0
       0
       0
       0
       0
       0
       0
       0
       0
       0
       0
       0
       0
       0
       0
       0
       0
       0
       0
       0
       0
       0
       0
       0
       0
       0
       0
       0
       0
       0
       1
       0
       0
       0
       0
       0
       0
       0
       0
       0
       0
       0
       0
       0
       0
       0
       0
       0
       0
       0
       0
       0
       0
       0
       0
       0
       0
       0
       0
       0
       0
       0
       0
       0
       0
       0
       0
       0
       0
       0
       0
       0
       0
       0
       0
       0
       0
       0
       0
       0
       0
       0
       0
       0
       0
       0
       0
       0
       0
       0
       0
       0
       0
       0
       0
       0
       0
       0
       0
       0
       0
       0
       0
       0
       0
       0
       0
       0
       0
       0
       0
       0
       0
       0
       0
       0
       0
       0
       0
       0
       0
       0
       0
       0
       0
       1
       0
       0
       0
       0
       0
       0
       0
       0
       0
       0
       0
       1
       0
       0
       0
       0
       0
       0
       0
       0
       0
       0
       0
       0
       0
       0
       0
       0
       0
       0
       0
       0
       0
       0
       0
       0
       0
       0
       0
       0
       0
       0
       0
       0
       0
       0
       0
       0
       0
       0
       0
       0
       0
       0
       0
       0
       0
       0
       0
       0
       0
       0
       0
       0
       0
       0
       0
       0
       0
       0
       0
       0
       0
       0
       0
       0
       0
       0
       0
       0
       0
       0
       0
       0
       0
       0
       0
       0
       0
       1
       0
       0
       0
       0
       0
       0
       0
       0
       0
       0
       0
       0
       0
       0
       1
       0
       2
       0
       1
       1
       0
       0
       0
       0
       0
       0
       0
       0
       0
       0
       0
       0
       0
       0
       0
       0
       0
       0
       0
       0
       0
       0
       0
       0
       0
       0
       0
       0
       0
       0
       0
       0
       0
       0
       0
       0
       0
       0
       0
       0
       0
       0
       0
       0
       0
       0
       0
       1
       0
       0
       0
       0
       0
       0
       0
       0
       0
       0
       0
       0
       0
       0
       0
       0
       0
       0
       0
       0
       0
       0
       0
       0
       0
       0
       0
       0
       0
       0
       0
       0
       0
       0
       0
       0
       0
       0
       0
       0
       0
       0
       0
       0
       0
       0
       0
       0
       0
       0
       0
       0
       0
       0
       0
       0
       0
       0
       0
       0
       0
       0
       0
       0
       0
       0
       0
       0
       0
       0
       0
       0
       0
       0
       0
       0
       0
       0
       0
       0
       0
       0
       0
       0
       0
       0
       0
       0
       0
       0
       0
       0
       0
       0
       0
       0
       0
       0
       0
       0
       0
       0
       0
       0
       0
       0
       0
       0
       0
       0
       0
       1
       0
       0
       0
       0
       0
       0
       0
       0
       0
       0
       0
       0
       0
       0
       0
       0
       0
       0
       0
       0
       0
       0
       0
       0
       0
       0
       0
       0
       0
       0
       0
       0
       0
       0
       0
       0
       0
       0
       0
       0
       0
       0
       0
       0
       1
       0
       0
       0
       0
       0
       0
       0
       0
       1
       0
       0
       0
       0
       0
       0
       0
       0
       0
       0
       0
       0
       0
       0
       0
       0
       0
       0
       1
       0
       0
       0
       0
       0
       0
       0
       0
       0
       0
       0
       0
       0
       0
       0
       0
       0
       0
       0
       0
       0
       0
       0
       0
       0
       0
       0
       0
       0
       0
       0
       0
       0
       0
       0
       0
       0
       0
       0
       0
       0
       0
       0
       0
       0
       0
       0
       0
       0
       0
       0
       0
       0
       0
       0
       0
       0
       0
       0
       0
       0
       0
       0
       0
       0
       0
       0
       0
       0
       0
       0
       0
       0
       0
       0
       0
       0
       0
       0
       0
       0
       0
       0
       0
       0
       0
       0
       0
       0
       0
       0
       0
       0
       0
       0
       0
       0
       0
       0
       0
       0
       0
       0
       0
       0
       0
       0
       0
       0
       0
       0
       0
       0
       0
       0
       0
       0
       0
       0
       0
       0
       0
       0
       1
       0
       0
       0
       0
       0
       0
       1
       1
       0
       0
       0
       0
       0
       0
       0
       0
       0
       0
       0
       0
       0
       0
       0
       0
       0
       0
       0
       0
       0
       0
       0
       0
       0
       0
       0
       0
       0
       0
       0
       0
       0
       0
       0
       0
       0
       0
       0
       0
       0
       0
       0
       0
       1
       0
       0
       0
       0
       0
       0
       0
       0
       0
       0
       0
       0
       0
       0
       0
       0
       0
       0
       0
       0
       0
       0
       0
       0
       0
       0
       0
       0
       0
       0
       0
       0
       0
       0
       0
       0
       0
       0
       0
       0
       0
       0
       0
       0
       0
       0
       0
       0
       0
       0
       0
       0
       0
       0
       0
       0
       0
       0
       0
       0
       0
       0
       0
       0
       0
       0
       0
       0
       0
       0
       0
       0
       0
       0
       0
       1
       0
       0
       0
       0
       0
       0
       0
       0
       0
       0
       0
       0
       0
       0
       0
       0
       0
       0
       0
       0
       0
       0
       0
       0
       0
       0
       0
       0
       0
       0
       0
       0
       0
       0
       0
       0
       0
       1
       0
       0
       0
       0
       0
       0
       0
       0
       0
       0
       0
       0
       0
       0
       0
       0
       1
       0
       0
       0
       0
       0
       0
       0
       0
       0
       0
       0
       0
       1
       0
       0
       0
       0
       0
       0
       0
       0
       0
       0
       0
       0
       0
       0
       0
       0
       0
       0
       0
       0
       0
       1
       0
       0
       0
       0
       0
       0
       0
       0
       0
       0
       0
       0
       0
       0
       0
       0
       0
       0
       0
       0
       0
       0
       0
       0
       0
       0
       0
       0
       0
       0
       0
       0
       0
       0
       0
       0
       0
       0
       0
       0
       0
       0
       0
       0
       0
       0
       0
       0
       0
       0
       0
       0
       0
       0
       0
       0
       0
       0
       0
       0
       0
       0
       0
       0
       1
       0
       0
       0
       0
       0
       0
       0
       0
       0
       0
       0
       2
       0
       0
       0
       0
       0
       0
       0
       0
       0
       0
       0
       0
       0
       0
       0
       0
       0
       0
       0
       0
       0
       0
       0
       0
       0
       0
       0
       0
       0
       0
       0
       0
       0
       0
       0
       0
       0
       0
       0
       0
       0
       0
       0
       0
       0
       0
       0
       0
       0
       0
       0
       0
       0
       0
       0
       0
       0
       0
       0
       0
       0
       0
       0
       0
       0
       0
       0
       0
       0
       0
       0
       0
       0
       0
       0
       0
       0
       0
       0
       0
       0
       0
       1
       0
       0
       0
       0
       0
       0
       0
       0
       0
       0
       0
       0
       0
       0
       0
       0
       0
       0
       0
       0
       0
       0
       0
       0
       0
       0
       0
       0
       1
       0
       0
       0
       0
       0
       0
       0
       0
       0
       0
       0
       0
       0
       0
       0
       0
       0
       0
       0
       0
       0
       0
       0
       0
       0
       0
       0
       1
       0
       0
       0
       0
       0
       0
       0
       0
       0
       0
       0
       0
       0
       0
       0
       0
       0
       0
       0
       0
       0
       0
       0
       0
       0
       0
       0
       0
       0
       0
       0
       0
       0
       0
       0
       0
       0
       0
       0
       0
       0
       0
       0
       1
       1
       0
       0
       0
       0
       0
       0
       0
       0
       0
       0
       0
       0
       0
       0
       0
       0
       0
       0
       0
       0
       0
       0
       0
       0
       0
       0
       0
       0
       0
       0
       0
       0
       0
       0
       0
       0
       0
       0
       0
       0
       0
       0
       0
       0
       0
       0
       0
       0
       0
       0
       0
       0
       0
       0
       0
       0
       0
       0
       0
       0
       0
       0
       0
       0
       0
       0
       0
       0
       1
       1
       0
       0
       0
       0
       0
       0
       0
       0
       0
       0
       0
       0
       0
       0
       0
       0
       0
       0
       0
       0
       0
       0
       0
       0
       0
       0
       0
       0
       0
       0
       0
       0
       0
       0
       0
       0
       0
       0
       0
       0
       0
       0
       0
       0
       0
       0
       0
       0
       0
       0
       0
       1
       0
       0
       0
       0
       0
       0
       0
       0
       0
       0
       0
       0
       0
       0
       0
       0
       0
       0
       0
       0
       0
       0
       0
       0
       0
       0
       0
       0
       0
       0
       0
       0
       0
       0
       1
       0
       0
       1
       0
       0
       0
       0
       0
       0
       0
       0
       0
       0
       0
       0
       0
       0
       0
       0
       0
       0
       0
       0
       0
       0
       0
       0
       0
       0
       0
       0
       0
       0
       0
       0
       0
       0
       0
       0
       0
       0
       0
       0
       0
       0
       0
       0
       0
       0
       0
       0
       0
       0
       0
       0
       0
       0
       0
       0
       0
       0
       0
       0
       0
       0
       0
       0
       0
       0
       0
       0
       0
       0
       0
       0
       0
       0
       0
       0
       0
       0
       0
       0
       0
       0
       0
       0
       0
       0
       0
       0
       0
       0
       0
       0
       0
       0
       0
       0
       0
       0
       0
       0
       0
       0
       0
       0
       0
       0
       0
       0
       0
       0
       0
       0
       0
       0
       0
       0
       0
       0
       0
       0
       0
       0
       0
       0
       0
       0
       0
       0
       0
       0
       0
       0
       0
       0
       0
       0
       0
       0
       0
       0
       0
       0
       0
       0
       0
       0
       0
       0
       0
       0
       0
       0
       0
       0
       0
       0
       0
       0
       0
       0
       0
       0
       0
       0
       0
       0
       0
       0
       0
       0
       0
       0
       0
       0
       0
       0
       0
       0
       0
       0
       0
       0
       0
$ROI:
4
1378 1451
2561 2692
4616 4696
5236 5352
$PRESETS:
None
0
0
$ENER_FIT:
0.000000 0.252102
$MCA_CAL:
3
0.000000E+000 2.521022E-001 0.000000E+000 keV
$SHAPE_CAL:
3
1.531186E+001 0.000000E+000 0.000000E+000
