$SPEC_ID:
No sample description was entered.
$SPEC_REM:
DET# 1
DETDESC# GMX20P4 HPGe
AP# Maestro Version 7.01
$DATE_MEA:
10/09/2020 11:11:19
$MEAS_TIM:
300 305
$DATA:
0 8191
       0
       0
       0
       0
       0
       0
       0
       0
       0
       0
       0
       0
       0
       0
       0
       0
       0
       0
       0
       0
       0
       0
       0
       0
       0
       0
       0
       0
       0
       0
       0
       0
       0
       0
       0
       0
       0
       0
       0
       0
       0
       0
       0
       0
       0
       0
       0
       0
       0
       2
      26
      29
      36
      33
      40
      41
      43
      47
      46
      32
      52
      52
      41
      44
      51
      43
      71
      58
      49
      54
      73
      75
      68
      72
      72
      87
      86
     106
     110
      77
     100
     108
     102
     108
     113
     115
      87
      77
      95
      96
      92
      68
      80
      83
      93
      82
      88
      82
      98
     117
     112
     131
     134
     180
     188
     224
     238
     267
     329
     360
     429
     524
     577
     735
     821
    1003
    1098
    1238
    1404
    1511
    1502
    1596
    1713
    1661
    1559
    1477
    1379
    1179
    1024
     948
     799
     672
     590
     582
     497
     513
     493
     487
     446
     443
     413
     357
     360
     337
     277
     268
     229
     182
     146
     112
     117
      96
      81
      67
      57
      63
      55
      52
      55
      43
      58
      48
      60
      45
      51
      51
      46
      46
      51
      51
      50
      47
      48
      39
      62
      45
      56
      57
      77
      69
      62
      72
      53
      73
      55
      65
      74
      76
      57
      61
      73
      68
      79
      75
      71
      76
      66
      75
      84
      76
      75
      84
      83
      94
      93
      90
     120
      93
     112
     101
     114
     121
     101
     120
      83
      91
     101
      85
      97
      99
      80
      80
      75
      60
      87
      80
      80
      86
      71
      75
      66
      65
      75
      58
      72
      91
      82
      80
      72
      70
      72
      94
      92
      82
      85
      94
     106
     105
     114
     109
      85
     102
     101
      98
     103
     101
     106
     117
      94
     120
     118
     106
     116
     118
     105
     103
     117
     107
     100
     122
     132
     113
     139
     133
     114
     130
      95
     119
     143
     118
     125
     113
     101
     118
     129
     114
     131
     113
     112
     115
     137
     110
     111
     102
     106
     145
     105
     105
     126
     133
     127
     121
     118
     126
     119
     133
     111
     138
     140
     167
     189
     202
     250
     286
     336
     398
     419
     521
     563
     581
     629
     620
     604
     574
     509
     528
     503
     412
     372
     307
     265
     209
     176
     139
      93
      97
      75
      76
      66
      76
      66
      60
      60
      86
      76
      49
      70
      73
      61
      61
      52
      59
      51
      67
      63
      73
      62
      74
      65
      54
      59
      64
      64
      81
      76
      82
      76
      62
      68
      62
      54
      64
      83
      76
      64
      72
      74
      63
      49
      56
      70
      61
      63
      62
      71
      66
      66
      44
      64
      60
      56
      57
      71
      61
      57
      52
      52
      69
      64
      61
      60
      69
      62
      63
      57
      53
      60
      49
      70
      62
      77
      70
      71
      55
      43
      67
      65
      71
      61
      67
      69
      63
      69
      58
      66
      53
      52
      57
      83
      55
      60
      52
      59
      50
      66
      61
      67
      52
      70
      65
      53
      67
      65
      56
      66
      57
      63
      57
      45
      44
      66
      54
      69
      62
      55
      61
      72
      61
      72
      59
      48
      57
      63
      61
      67
      75
      56
      73
      38
      47
      57
      62
      47
      51
      60
      71
      63
      64
      60
      43
      49
      48
      52
      64
      51
      67
      71
      37
      51
      83
      52
      53
      65
      47
      57
      60
      48
      56
      42
      64
      58
      50
      62
      43
      61
      59
      47
      47
      53
      63
      54
      71
      53
      63
      56
      57
      45
      60
      52
      61
      59
      54
      50
      47
      45
      39
      67
      57
      60
      52
      47
      57
      45
      58
      70
      59
      63
      65
      51
      55
      63
      45
      52
      49
      60
      46
      59
      76
      63
      46
      46
      59
      40
      51
      56
      60
      46
      49
      52
      56
      61
      68
      57
      50
      48
      46
      59
      54
      55
      47
      56
      50
      59
      53
      67
      45
      59
      77
      45
      68
      48
      56
      43
      62
      67
      61
      47
      69
      50
      46
      61
      49
      52
      62
      59
      53
      59
      52
      53
      69
      56
      58
      61
      51
      64
      66
      56
      54
      50
      50
      44
      53
      55
      64
      46
      49
      57
      55
      44
      45
      53
      62
      51
      71
      49
      63
      51
      50
      61
      66
      48
      54
      42
      51
      56
      54
      60
      50
      63
      61
      70
      59
      53
      56
      67
      61
      43
      51
      55
      52
      35
      57
      48
      49
      55
      64
      55
      50
      47
      55
      43
      43
      57
      53
      39
      55
      43
      48
      47
      43
      51
      35
      46
      39
      42
      40
      51
      45
      45
      43
      57
      46
      54
      51
      37
      56
      57
      43
      45
      38
      48
      48
      42
      54
      35
      38
      41
      50
      43
      45
      47
      35
      45
      40
      47
      51
      60
      43
      43
      39
      46
      48
      48
      52
      56
      51
      44
      51
      55
      48
      44
      46
      52
      40
      38
      44
      49
      42
      44
      55
      49
      47
      58
      54
      41
      57
      44
      43
      59
      35
      43
      44
      50
      43
      46
      35
      48
      52
      35
      57
      37
      46
      42
      53
      49
      47
      44
      38
      42
      41
      46
      39
      52
      46
      34
      48
      55
      54
      40
      40
      33
      43
      40
      33
      55
      38
      39
      53
      36
      50
      41
      40
      38
      35
      54
      38
      34
      35
      39
      23
      46
      54
      42
      45
      51
      36
      36
      46
      40
      43
      42
      29
      41
      32
      31
      44
      40
      49
      51
      34
      29
      39
      50
      37
      30
      33
      35
      40
      55
      33
      35
      37
      30
      30
      28
      28
      37
      43
      32
      36
      36
      28
      50
      37
      32
      31
      37
      35
      26
      29
      25
      36
      28
      26
      21
      30
      43
      28
      31
      37
      34
      31
      30
      30
      39
      30
      28
      32
      30
      32
      26
      39
      33
      27
      34
      33
      38
      25
      34
      34
      31
      31
      31
      44
      29
      37
      30
      29
      21
      34
      42
      25
      18
      28
      28
      34
      27
      32
      31
      28
      34
      29
      43
      34
      34
      18
      34
      29
      30
      32
      32
      28
      26
      31
      27
      26
      40
      19
      36
      25
      20
      23
      26
      20
      29
      29
      14
      19
      23
      17
      23
      20
      21
      21
      14
      27
      26
      23
      22
      23
      24
      22
      19
      31
      29
      24
      26
      16
      28
      19
      26
      24
      25
      23
      29
      29
      23
      24
      18
      23
      21
      25
      34
      26
      28
      28
      27
      22
      20
      21
      24
      24
      19
      17
      24
      17
      15
      25
      21
      26
      13
      20
      15
      14
      24
      17
      15
      15
      10
      26
      20
      20
      16
      17
      23
      24
      19
      17
      22
      21
      22
      17
      20
      20
      16
      19
      12
      21
      15
      21
      18
      20
      21
      22
      13
      23
      15
      22
      29
      20
      27
      24
      21
      19
      13
      20
      15
      18
      14
      16
      17
      13
      19
      18
      16
      17
      17
      16
       8
      23
      20
      15
      24
      15
      25
      16
      18
      11
      18
      13
      14
      19
      13
      15
      16
      18
      18
      14
      14
      20
      17
       9
      19
      11
      17
      16
      22
      12
      13
      19
      19
      16
      19
      21
      20
      15
      11
      21
      17
      14
      22
      18
      19
      21
      17
      24
      13
      19
      11
      15
      15
      17
      18
      13
       8
      15
      31
      26
      25
      40
      41
      40
      49
      78
      68
      80
      82
      74
      82
      89
      81
      60
      57
      49
      50
      51
      33
      34
      34
      14
      20
      24
      15
      15
      18
      10
       7
      13
      18
      16
      14
      11
      12
      17
      15
      16
      11
      13
      16
      17
      10
      16
      11
      12
       8
      16
      12
      16
      11
       6
      19
      15
      18
       9
      12
       9
      10
       9
      16
      11
      18
      16
      10
      15
       9
       8
      18
      14
      12
      17
      13
      10
       9
      14
      10
      11
      19
      18
      15
       9
      13
      11
      16
      15
      17
      13
      13
       9
      20
      15
       7
      20
      11
       6
      14
       9
      13
      16
      19
      18
      15
      38
      47
      51
      62
      85
     111
     124
     125
     134
     144
     151
     153
     166
     136
     148
     135
     110
     101
      93
      75
      63
      51
      37
      25
      19
      25
       9
      14
      11
      12
      13
      11
       6
      11
       5
       3
       8
       9
       8
       9
       9
      10
      13
       8
       7
      13
      12
      12
       9
       8
       7
       9
      11
       6
      15
      12
      12
      12
       5
      13
       8
       7
       7
       8
       7
      12
      11
      11
      10
      12
       7
       8
       5
       8
       5
       8
       7
       9
      13
       6
      10
       8
       6
       6
      12
      16
       7
      13
       5
       9
       5
       6
      12
      10
      10
      10
       7
       6
      10
       4
       8
       3
       5
       6
      11
       8
       7
      11
       9
       4
      10
      10
       3
      11
       7
       6
       3
      12
       5
       8
      10
       6
      10
      11
       6
      13
       4
      10
       7
       6
       5
      10
       7
      11
       3
       7
       7
       9
       9
       6
       8
       9
      12
       8
       8
      12
       2
       8
       7
       9
       7
       4
      12
      11
       7
       9
       7
       8
       9
       7
       6
       3
       6
       7
       3
       7
      13
       2
       5
       7
       9
       6
       5
      12
       4
       5
       7
       4
       6
       7
       6
       6
       4
       8
       6
       4
       7
      11
       5
      11
       6
       5
       6
       7
       6
       6
       4
       9
      11
       8
      15
      12
      13
      18
      17
      19
      21
      20
      29
      45
      56
      71
     101
     125
     192
     185
     268
     266
     305
     375
     421
     454
     455
     433
     408
     390
     329
     320
     234
     218
     154
     137
      86
      77
      66
      40
      28
      11
      10
      13
       6
       7
       3
       2
       2
       6
       3
       8
       5
       4
       4
       1
       5
       5
       5
       4
       4
       5
       3
       9
       6
       5
       6
       9
       3
       4
       5
       2
       1
       6
       4
       4
       6
       5
       5
       3
       7
       6
       1
       2
       0
       4
       1
       4
       2
       6
       3
       7
       6
       7
       4
       7
       2
       9
       4
       6
       7
       2
       3
       2
       6
       5
       5
       6
       5
       1
       3
      10
       1
       5
       1
       4
       3
       1
       6
       5
       7
      11
       7
      12
       9
      11
      12
      20
      27
      22
      32
      43
      48
      40
      58
      56
      49
      68
      56
      59
      49
      52
      37
      31
      23
      35
      20
      14
      12
      12
      11
       7
       6
       5
       3
       2
       6
       3
       7
       2
       5
       4
       9
       4
       5
       3
       3
       2
       4
       3
       4
       1
       6
       2
      10
       6
       3
       5
       2
       2
       4
       3
       5
       7
       2
       5
       6
       6
       1
       8
       4
       4
       3
       2
       3
       3
       1
       3
       4
       3
       3
       5
       1
       4
       3
       4
       1
       3
       3
       1
       3
       4
       5
       2
       5
       2
       2
       6
       4
       0
       3
       1
       5
       3
       3
       9
       3
       3
       4
       4
       3
       4
       3
       5
       3
       5
       2
       3
       5
       3
       7
       3
       3
       0
       5
       6
       1
       3
       1
       2
       3
       5
       2
       3
       2
       3
       4
       2
       3
       5
       3
       5
       4
       3
       5
       3
       5
       4
       5
       3
       3
       8
       2
       1
       5
       1
       3
       5
       2
       1
       5
       3
       2
       5
       3
       4
       5
       6
       1
       5
       4
       3
       7
       2
       7
       8
       3
       3
       1
       3
       3
       5
       4
       6
       3
       5
       4
       3
       3
       5
       2
       4
       3
       2
       3
       1
       1
       3
       2
       2
       4
       4
       5
       8
       4
       0
       3
       4
       3
       2
       7
       3
       3
       3
       0
       5
       5
       4
       3
       7
       3
       3
       0
       5
       3
       0
       4
       4
       4
       4
       8
       2
       1
       2
       4
       5
       4
       1
       4
       4
       4
       1
       5
       4
       2
       3
       5
       4
       3
       5
       3
       7
       1
       1
       2
       1
       3
       2
       4
       4
       2
       2
       3
       3
       3
       4
       1
       0
       4
       4
       1
       4
       2
       0
       5
       4
       1
       0
       2
       7
       3
       2
       2
       6
       2
       3
       1
       6
       7
       1
       4
       1
       1
       5
       2
       3
       2
       1
       2
       5
       2
       1
       1
       4
       1
       2
       2
       4
       7
       3
       2
       4
       2
       4
       1
       2
       3
       2
       6
       3
       4
       2
       4
       4
       2
       2
       0
       2
       0
       2
       1
       1
       3
       3
       0
       4
       2
       4
       2
       7
       2
       4
       4
       2
       3
       6
       2
       4
       3
       1
       1
       3
       3
       1
       5
       2
       4
       4
       4
       7
       1
       1
       1
       2
       4
       4
       2
       1
       3
       2
       5
       5
       3
       3
       3
       0
       3
       1
       3
       3
       1
       5
       3
       3
       3
       1
       3
       5
       3
       1
       2
       2
       5
       4
       4
       4
       5
       5
       6
       3
       2
       3
       4
       1
       1
       2
       3
       2
       5
       6
       3
       0
       2
       2
       4
       0
       3
       1
       6
       4
       0
       2
       3
       1
       0
       3
       1
       2
       2
       0
       4
       4
       3
       4
       1
       1
       4
       2
       5
       1
       2
       4
       2
       4
       1
       2
       2
       3
       3
       0
       0
       5
       1
       3
       5
       3
       6
       1
       3
       2
       4
       1
       5
       1
       4
       2
       5
       0
       1
       3
       3
       1
       3
       1
       2
       2
       2
       0
       0
       2
       1
       1
       3
       3
       2
       3
       3
       2
       5
       0
       2
       0
       1
       2
       1
       4
       1
       2
       0
       2
       2
       2
       2
       5
       0
       3
       1
       3
       3
       3
       4
       3
       2
       2
       3
       5
       4
       5
       1
       5
       4
       4
       4
       1
       3
       5
       4
       4
       3
       5
       1
       2
       6
       3
       5
       1
       1
       1
       2
       2
       4
       2
       1
       4
       3
       1
       3
       1
       4
       1
       2
       4
       2
       1
       4
       0
       0
       0
       3
       6
       1
       2
       2
       1
       1
       0
       2
       3
       6
       3
       1
       1
       0
       3
       2
       4
       2
       3
       3
       1
       2
       2
       2
       3
       2
       2
       4
       1
       4
       0
       1
       2
       0
       5
       3
       1
       5
       3
       1
       1
       3
       4
       0
       5
       3
       0
       1
       0
       1
       4
       3
       2
       3
       2
       4
       0
       4
       3
       2
       2
       2
       3
       2
       2
       2
       2
       2
       2
       4
       4
       2
       1
       0
       2
       2
       3
       3
       1
       4
       0
       4
       1
       3
       1
       3
       3
       1
       1
       0
       2
       1
       2
       1
       5
       2
       5
       1
       2
       4
       1
       4
       1
       1
       3
       0
       3
       3
       2
       1
       2
       0
       3
       2
       2
       1
       4
       0
       0
       1
       2
       2
       0
       2
       1
       1
       4
       2
       1
       3
       2
       3
       1
       7
       1
       6
       3
       1
       3
       1
       2
       3
       0
       1
       2
       1
       3
       2
       2
       4
       1
       2
       5
       3
       5
       2
       0
       1
       2
       2
       6
       7
       4
       0
       2
       0
       3
       4
       5
       1
       0
       2
       2
       3
       1
       2
       1
       1
       1
       3
       3
       1
       3
       4
       0
       2
       0
       4
       2
       2
       2
       1
       0
       0
       2
       2
       1
       1
       1
       1
       0
       1
       1
       2
       4
       0
       2
       2
       2
       2
       4
       2
       2
       0
       5
       3
       2
       2
       1
       5
       1
       1
       0
       1
       2
       2
       2
       3
       6
       0
       2
       3
       0
       0
       4
       0
       2
       2
       3
       2
       0
       1
       0
       5
       4
       0
       6
       6
       5
       3
       3
       3
       1
       4
       3
       3
       3
       3
       2
       2
       2
       1
       0
       4
       1
       1
       1
       2
       1
       1
       1
       1
       1
       2
       4
       2
       1
       1
       3
       2
       2
       0
       4
       1
       3
       3
       1
       2
       2
       1
       2
       3
       3
       3
       2
       1
       1
       1
       5
       2
       2
       2
       0
       2
       2
       2
       1
       1
       2
       0
       3
       2
       0
       1
       1
       4
       2
       1
       0
       2
       1
       0
       1
       0
       3
       3
       2
       1
       2
       1
       2
       1
       0
       2
       2
       1
       3
       2
       0
       0
       0
       3
       5
       6
       8
       5
       9
       4
       7
       9
      10
       7
      11
       6
      11
      10
       7
       6
       5
       7
       3
       6
       2
       5
       4
       4
       2
       3
       1
       0
       1
       3
       2
       1
       2
       1
       4
       2
       0
       1
       0
       2
       0
       4
       1
       4
       4
       3
       0
       1
       2
       2
       3
       0
       2
       2
       4
       1
       1
       1
       1
       4
       1
       2
       3
       2
       0
       3
       0
       5
       1
       1
       2
       3
       1
       1
       1
       1
       1
       0
       2
       0
       3
       5
       0
       1
       1
       1
       1
       3
       1
       0
       1
       1
       2
       2
       0
       2
       1
       0
       0
       1
       1
       1
       1
       2
       2
       1
       3
       2
       2
       2
       2
       2
       1
       2
       4
       0
       2
       2
       0
       0
       1
       1
       0
       0
       0
       3
       1
       1
       1
       2
       2
       1
       0
       1
       2
       2
       0
       2
       3
       1
       2
       2
       2
       1
       1
       2
       1
       1
       1
       1
       0
       1
       3
       0
       1
       0
       1
       1
       2
       4
       0
       0
       0
       1
       2
       1
       1
       6
       2
       2
       1
       2
       3
       2
       0
       2
       1
       1
       1
       3
       0
       0
       2
       5
       4
       1
       1
       3
       2
       1
       0
       3
       2
       1
       3
       0
       3
       1
       2
       0
       4
       1
       0
       0
       0
       1
       3
       2
       1
       3
       3
       1
       0
       5
       2
       4
       3
       2
       5
       1
       5
       3
       3
       3
       1
       2
       2
       3
       0
       3
       1
       1
       2
       1
       3
       0
       2
       3
       2
       2
       2
       1
       0
       3
       1
       1
       0
       0
       2
       2
       2
       2
       2
       1
       1
       0
       1
       3
       1
       2
       4
       1
       3
       2
       2
       0
       0
       0
       0
       2
       2
       3
       1
       2
       3
       1
       0
       1
       2
       1
       1
       0
       2
       2
       0
       0
       1
       1
       1
       3
       1
       0
       0
       1
       0
       1
       0
       4
       0
       1
       1
       3
       1
       4
       2
       1
       3
       1
       0
       2
       2
       2
       0
       0
       3
       1
       2
       3
       1
       0
       3
       2
       0
       0
       2
       0
       3
       0
       1
       1
       0
       1
       2
       2
       0
       2
       2
       1
       1
       1
       1
       4
       0
       2
       1
       2
       2
       1
       1
       0
       0
       5
       1
       1
       1
       1
       0
       0
       0
       0
       0
       3
       1
       1
       1
       1
       1
       1
       0
       2
       2
       2
       1
       1
       2
       0
       0
       3
       1
       2
       1
       0
       0
       0
       3
       2
       3
       2
       1
       0
       0
       2
       0
       3
       1
       0
       0
       0
       1
       0
       1
       1
       1
       1
       1
       0
       1
       2
       1
       1
       1
       1
       0
       1
       1
       1
       1
       0
       3
       1
       1
       1
       1
       1
       0
       0
       4
       2
       0
       3
       2
       3
       2
       0
       0
       2
       1
       1
       3
       2
       1
       0
       1
       1
       1
       0
       2
       3
       3
       1
       2
       0
       2
       0
       2
       2
       0
       1
       1
       1
       3
       0
       3
       0
       1
       3
       2
       1
       2
       3
       0
       0
       3
       0
       1
       1
       2
       3
       1
       0
       1
       1
       3
       0
       3
       3
       1
       0
       1
       2
       4
       1
       1
       0
       2
       1
       2
       3
       2
       3
       1
       0
       1
       0
       1
       2
       2
       1
       1
       2
       1
       2
       2
       1
       0
       2
       3
       1
       0
       2
       2
       1
       0
       1
       2
       0
       1
       1
       2
       0
       1
       2
       0
       1
       2
       2
       2
       1
       2
       3
       0
       3
       5
       1
       2
       1
       2
       4
       2
       0
       1
       2
       3
       0
       1
       0
       0
       1
       2
       4
       2
       1
       0
       2
       0
       2
       0
       0
       0
       1
       1
       4
       3
       0
       0
       0
       1
       1
       0
       1
       1
       0
       1
       0
       1
       1
       2
       1
       1
       0
       3
       1
       2
       2
       1
       2
       1
       1
       1
       1
       2
       0
       1
       1
       2
       0
       2
       1
       2
       2
       3
       3
       3
       0
       5
       1
       0
       0
       2
       2
       4
       1
       3
       1
       0
       1
       1
       0
       3
       2
       1
       0
       1
       2
       0
       1
       3
       0
       1
       2
       0
       3
       2
       3
       1
       0
       1
       4
       2
       5
       2
       0
       0
       3
       0
       1
       1
       2
       1
       1
       3
       0
       1
       1
       0
       2
       3
       1
       3
       0
       0
       0
       2
       0
       0
       1
       0
       3
       0
       0
       6
       1
       0
       1
       2
       0
       0
       2
       1
       0
       1
       0
       1
       2
       2
       0
       0
       2
       0
       1
       0
       2
       3
       0
       1
       1
       2
       1
       1
       2
       3
       2
       3
       0
       1
       2
       1
       1
       3
       0
       1
       2
       1
       3
       2
       1
       1
       1
       0
       1
       0
       0
       1
       0
       0
       2
       1
       0
       3
       2
       0
       0
       2
       2
       1
       1
       1
       1
       1
       1
       1
       2
       1
       1
       1
       0
       1
       0
       1
       1
       0
       2
       4
       2
       1
       2
       0
       0
       0
       0
       0
       1
       1
       1
       2
       1
       0
       2
       0
       2
       1
       2
       1
       0
       1
       2
       0
       1
       1
       0
       0
       2
       1
       0
       1
       0
       0
       2
       2
       0
       0
       1
       1
       2
       1
       1
       0
       2
       2
       2
       3
       0
       0
       0
       1
       1
       1
       0
       0
       2
       2
       1
       2
       0
       0
       0
       1
       2
       2
       1
       1
       0
       1
       0
       2
       0
       0
       1
       0
       1
       1
       1
       0
       2
       2
       1
       1
       6
       2
       1
       0
       0
       0
       0
       0
       0
       0
       3
       0
       1
       1
       1
       0
       0
       3
       0
       1
       3
       0
       1
       2
       2
       0
       2
       2
       2
       0
       1
       0
       0
       2
       0
       0
       0
       2
       1
       0
       2
       1
       2
       2
       0
       1
       0
       2
       3
       0
       0
       1
       1
       1
       0
       2
       1
       0
       1
       0
       2
       0
       0
       3
       1
       1
       2
       2
       2
       2
       1
       2
       2
       1
       0
       0
       0
       1
       0
       2
       0
       3
       0
       0
       3
       1
       1
       0
       0
       2
       1
       0
       1
       2
       0
       0
       0
       1
       0
       4
       2
       4
       2
       1
       0
       0
       1
       1
       1
       1
       1
       1
       1
       3
       0
       1
       2
       1
       0
       2
       2
       1
       1
       1
       0
       2
       2
       1
       0
       4
       3
       2
       0
       0
       1
       1
       0
       5
       2
       3
       0
       1
       0
       1
       1
       1
       0
       2
       1
       0
       0
       1
       1
       4
       2
       1
       2
       1
       2
       0
       1
       2
       0
       1
       2
       1
       1
       0
       0
       1
       1
       2
       1
       2
       1
       1
       1
       2
       0
       0
       2
       0
       2
       0
       1
       1
       1
       1
       2
       1
       0
       3
       2
       1
       1
       1
       2
       1
       1
       0
       1
       1
       1
       4
       0
       0
       0
       1
       0
       1
       1
       0
       2
       0
       0
       1
       2
       2
       0
       0
       0
       1
       2
       1
       0
       1
       2
       1
       3
       0
       1
       0
       0
       0
       1
       1
       1
       1
       3
       1
       1
       1
       1
       1
       1
       3
       1
       1
       0
       3
       1
       1
       1
       1
       2
       0
       0
       0
       1
       0
       0
       1
       1
       0
       0
       0
       4
       1
       1
       2
       1
       0
       0
       1
       2
       0
       2
       2
       0
       1
       1
       2
       1
       0
       1
       0
       1
       1
       1
       0
       1
       1
       1
       0
       0
       3
       1
       0
       1
       0
       1
       1
       0
       1
       1
       0
       1
       2
       0
       2
       2
       3
       1
       1
       1
       2
       1
       1
       2
       1
       1
       0
       0
       2
       0
       1
       2
       4
       2
       0
       2
       1
       2
       0
       0
       1
       1
       0
       0
       2
       0
       1
       4
       0
       1
       2
       1
       2
       1
       1
       1
       1
       3
       0
       1
       4
       1
       2
       2
       3
       0
       5
       2
       5
       2
       1
       2
       0
       2
       3
       2
       1
       0
       3
       1
       2
       2
       0
       1
       1
       1
       0
       1
       2
       1
       1
       3
       0
       1
       1
       2
       0
       0
       0
       2
       1
       1
       1
       0
       3
       2
       1
       2
       0
       1
       0
       0
       1
       1
       1
       1
       0
       2
       1
       0
       0
       1
       0
       1
       0
       2
       1
       0
       0
       0
       0
       0
       0
       0
       0
       2
       1
       1
       1
       1
       2
       0
       0
       1
       0
       1
       2
       2
       2
       1
       0
       2
       1
       0
       2
       2
       3
       0
       1
       0
       0
       1
       2
       1
       0
       1
       2
       0
       1
       2
       1
       1
       1
       1
       1
       1
       0
       1
       0
       3
       1
       1
       2
       1
       1
       1
       0
       0
       1
       3
       1
       1
       0
       0
       0
       0
       0
       1
       0
       3
       0
       0
       1
       1
       0
       0
       0
       0
       0
       1
       1
       1
       0
       0
       2
       2
       0
       0
       0
       1
       1
       1
       2
       0
       0
       1
       1
       2
       0
       0
       2
       2
       2
       0
       1
       3
       0
       1
       7
       1
       1
       0
       1
       0
       0
       1
       0
       3
       1
       1
       0
       1
       0
       0
       1
       1
       0
       2
       0
       0
       1
       1
       1
       1
       1
       0
       1
       1
       0
       3
       2
       3
       1
       1
       1
       2
       2
       3
       1
       2
       3
       3
       1
       1
       2
       0
       1
       1
       0
       3
       1
       4
       3
       2
       3
       2
       4
       2
       2
       3
       1
       3
       1
       0
       1
       0
       2
       1
       1
       0
       1
       1
       0
       0
       0
       2
       0
       0
       0
       1
       0
       0
       0
       0
       1
       0
       0
       0
       0
       0
       1
       1
       0
       1
       1
       0
       1
       0
       2
       0
       3
       3
       1
       3
       0
       0
       0
       1
       2
       2
       0
       0
       1
       0
       1
       0
       0
       0
       0
       0
       1
       1
       1
       0
       0
       0
       0
       1
       1
       0
       0
       2
       0
       1
       1
       2
       1
       2
       0
       2
       0
       1
       0
       0
       0
       1
       2
       0
       2
       1
       0
       0
       0
       2
       0
       1
       0
       0
       0
       2
       1
       1
       1
       2
       2
       0
       0
       0
       2
       2
       2
       0
       2
       0
       1
       1
       0
       0
       1
       0
       1
       2
       2
       0
       0
       0
       2
       2
       1
       0
       2
       3
       0
       2
       3
       1
       1
       0
       1
       2
       1
       2
       0
       1
       0
       0
       2
       1
       1
       0
       2
       0
       2
       1
       1
       1
       2
       1
       1
       1
       2
       0
       2
       1
       0
       1
       3
       0
       0
       1
       3
       0
       2
       0
       1
       1
       1
       0
       0
       0
       0
       1
       1
       0
       0
       3
       1
       0
       0
       2
       0
       0
       0
       0
       0
       0
       0
       0
       1
       1
       0
       0
       0
       0
       0
       0
       2
       1
       2
       1
       0
       1
       2
       2
       1
       2
       0
       0
       1
       1
       2
       0
       0
       1
       0
       3
       1
       1
       0
       1
       2
       1
       1
       0
       1
       1
       1
       1
       1
       0
       0
       1
       0
       1
       1
       0
       0
       0
       0
       0
       0
       1
       2
       1
       0
       0
       0
       2
       0
       1
       1
       0
       1
       1
       0
       1
       0
       2
       0
       0
       1
       1
       0
       1
       0
       1
       3
       2
       0
       1
       3
       1
       2
       1
       1
       4
       0
       1
       0
       0
       0
       0
       1
       0
       1
       0
       0
       0
       0
       0
       1
       0
       0
       1
       0
       0
       1
       0
       0
       2
       0
       0
       1
       1
       0
       0
       1
       0
       3
       1
       1
       1
       0
       0
       1
       0
       1
       2
       1
       1
       0
       0
       1
       1
       2
       1
       0
       0
       1
       0
       1
       0
       2
       0
       1
       0
       1
       1
       2
       0
       3
       0
       4
       0
       1
       0
       1
       1
       3
       2
       3
       0
       0
       0
       0
       0
       1
       0
       0
       0
       1
       1
       0
       0
       0
       1
       2
       2
       2
       0
       2
       1
       0
       1
       0
       1
       0
       2
       1
       0
       1
       1
       1
       0
       1
       1
       0
       0
       0
       0
       1
       0
       2
       0
       0
       0
       2
       0
       0
       0
       1
       1
       1
       0
       1
       2
       1
       0
       0
       1
       1
       1
       1
       1
       1
       1
       0
       2
       0
       1
       1
       3
       1
       0
       1
       1
       1
       1
       1
       2
       3
       1
       0
       0
       0
       1
       0
       1
       0
       1
       0
       1
       2
       1
       1
       1
       1
       1
       0
       0
       1
       1
       1
       1
       1
       0
       1
       0
       2
       0
       1
       0
       1
       1
       2
       1
       2
       2
       0
       1
       0
       2
       0
       1
       2
       3
       0
       0
       1
       2
       1
       1
       0
       1
       1
       1
       0
       0
       1
       0
       2
       2
       1
       1
       1
       3
       0
       0
       0
       0
       0
       1
       0
       1
       1
       1
       1
       1
       1
       0
       0
       1
       1
       0
       1
       1
       1
       1
       1
       1
       2
       0
       1
       1
       0
       1
       1
       2
       2
       2
       0
       1
       2
       2
       2
       0
       2
       2
       0
       0
       0
       0
       0
       1
       0
       1
       2
       0
       0
       1
       3
       1
       2
       0
       1
       0
       0
       1
       0
       1
       1
       1
       1
       1
       2
       0
       0
       3
       1
       4
       1
       1
       2
       1
       2
       1
       1
       3
       0
       1
       2
       2
       0
       2
       3
       1
       2
       5
       2
       2
       2
       1
       0
       3
       0
       2
       1
       0
       0
       0
       1
       0
       3
       0
       1
       3
       1
       1
       0
       2
       0
       1
       1
       0
       2
       2
       2
       0
       0
       0
       0
       1
       0
       1
       2
       0
       0
       3
       1
       0
       4
       2
       0
       0
       1
       0
       2
       0
       0
       2
       1
       0
       0
       0
       2
       2
       0
       2
       0
       0
       0
       0
       1
       0
       0
       1
       1
       1
       0
       1
       3
       0
       0
       0
       2
       1
       1
       0
       0
       0
       0
       2
       0
       2
       0
       1
       1
       0
       3
       0
       0
       3
       0
       1
       3
       2
       2
       1
       0
       0
       0
       0
       0
       2
       0
       0
       1
       0
       0
       0
       0
       3
       0
       1
       0
       1
       1
       3
       1
       2
       1
       1
       1
       2
       0
       1
       0
       0
       2
       0
       2
       0
       0
       1
       2
       1
       1
       0
       1
       1
       2
       0
       3
       0
       2
       0
       1
       2
       0
       0
       0
       2
       1
       2
       1
       1
       0
       0
       0
       1
       0
       1
       1
       1
       1
       0
       0
       1
       2
       2
       1
       0
       2
       0
       0
       1
       0
       0
       0
       2
       2
       2
       1
       0
       2
       1
       2
       1
       0
       0
       3
       2
       2
       1
       2
       1
       1
       1
       0
       1
       0
       2
       2
       0
       1
       2
       0
       1
       2
       1
       1
       0
       3
       0
       1
       1
       3
       1
       0
       1
       0
       0
       0
       0
       0
       1
       0
       1
       0
       0
       1
       0
       1
       4
       0
       1
       0
       1
       2
       2
       0
       0
       1
       1
       0
       0
       0
       3
       1
       1
       0
       0
       2
       1
       0
       0
       1
       0
       0
       1
       0
       1
       1
       1
       1
       5
       0
       2
       3
       1
       1
       1
       1
       1
       0
       3
       0
       0
       0
       0
       1
       0
       1
       0
       0
       0
       1
       0
       2
       1
       2
       1
       1
       4
       0
       2
       1
       0
       3
       0
       1
       1
       0
       1
       1
       1
       1
       0
       5
       0
       0
       1
       0
       0
       1
       0
       0
       2
       1
       1
       1
       0
       1
       2
       0
       0
       0
       0
       3
       0
       0
       0
       0
       0
       2
       3
       1
       2
       5
       0
       2
       1
       0
       0
       0
       0
       1
       0
       1
       2
       0
       0
       0
       0
       1
       1
       0
       0
       3
       1
       1
       0
       0
       1
       1
       0
       2
       0
       0
       1
       2
       2
       0
       1
       0
       2
       1
       2
       0
       1
       2
       1
       2
       0
       1
       2
       2
       2
       1
       1
       1
       2
       0
       1
       1
       1
       0
       1
       2
       1
       0
       2
       1
       0
       0
       1
       1
       0
       3
       0
       1
       1
       0
       0
       0
       0
       1
       0
       5
       1
       0
       1
       2
       4
       0
       1
       1
       3
       0
       1
       2
       1
       3
       0
       0
       3
       4
       1
       3
       0
       0
       2
       0
       0
       0
       0
       2
       1
       0
       2
       4
       3
       0
       1
       1
       2
       0
       1
       1
       1
       1
       0
       2
       1
       3
       2
       1
       3
       0
       0
       4
       2
       1
       1
       0
       0
       1
       1
       1
       0
       0
       2
       1
       2
       1
       0
       0
       1
       1
       0
       1
       1
       0
       0
       0
       0
       2
       0
       1
       2
       0
       0
       0
       1
       1
       0
       1
       0
       1
       0
       1
       1
       1
       1
       1
       0
       2
       1
       0
       0
       0
       1
       0
       0
       0
       0
       0
       1
       3
       2
       0
       0
       1
       1
       0
       1
       1
       1
       0
       0
       0
       1
       1
       1
       1
       1
       1
       0
       2
       0
       1
       1
       1
       0
       1
       0
       1
       1
       1
       1
       0
       1
       1
       3
       2
       1
       0
       0
       3
       1
       1
       0
       1
       1
       1
       0
       0
       0
       2
       1
       1
       0
       3
       1
       2
       1
       0
       1
       0
       2
       1
       0
       0
       1
       0
       0
       0
       0
       0
       2
       1
       1
       0
       0
       0
       0
       0
       1
       0
       0
       3
       1
       5
       1
       1
       2
       0
       0
       1
       1
       0
       0
       0
       0
       0
       0
       0
       0
       0
       0
       2
       1
       3
       0
       0
       0
       1
       0
       2
       1
       0
       1
       1
       0
       2
       0
       0
       1
       0
       0
       0
       0
       0
       1
       1
       1
       2
       0
       0
       1
       1
       2
       0
       0
       0
       1
       1
       2
       1
       1
       0
       1
       1
       0
       0
       0
       0
       1
       1
       0
       0
       1
       2
       1
       1
       0
       1
       0
       0
       1
       0
       1
       1
       1
       0
       0
       0
       0
       2
       0
       1
       1
       0
       1
       1
       0
       0
       2
       0
       0
       1
       0
       0
       1
       0
       0
       1
       0
       2
       1
       1
       0
       0
       1
       1
       1
       2
       1
       0
       0
       1
       1
       0
       1
       0
       1
       0
       1
       0
       0
       1
       0
       0
       0
       0
       0
       0
       1
       0
       1
       2
       1
       0
       0
       0
       0
       1
       1
       0
       0
       1
       0
       0
       0
       2
       0
       0
       0
       3
       0
       0
       0
       1
       2
       1
       1
       1
       1
       1
       0
       0
       1
       0
       1
       0
       1
       0
       1
       0
       0
       0
       1
       1
       0
       0
       0
       0
       0
       0
       0
       0
       2
       1
       0
       1
       2
       1
       0
       1
       1
       0
       0
       0
       0
       1
       0
       0
       0
       0
       0
       0
       0
       0
       0
       0
       0
       0
       0
       0
       1
       0
       0
       1
       2
       0
       0
       1
       0
       1
       0
       0
       2
       0
       2
       0
       0
       1
       2
       2
       1
       1
       0
       0
       0
       0
       0
       0
       0
       0
       0
       1
       0
       0
       0
       1
       0
       0
       1
       0
       1
       1
       0
       0
       0
       1
       1
       0
       0
       2
       1
       0
       0
       1
       0
       1
       3
       0
       0
       1
       0
       0
       2
       0
       0
       0
       0
       1
       0
       0
       0
       0
       0
       0
       0
       1
       0
       0
       0
       0
       2
       0
       2
       0
       1
       2
       1
       0
       2
       1
       0
       0
       0
       0
       1
       0
       2
       2
       0
       0
       0
       0
       0
       0
       1
       1
       0
       2
       0
       0
       0
       1
       1
       1
       1
       0
       0
       1
       2
       0
       1
       0
       1
       1
       0
       1
       0
       0
       0
       0
       0
       1
       0
       1
       0
       0
       0
       0
       1
       2
       1
       1
       0
       0
       0
       0
       0
       0
       0
       0
       0
       1
       0
       1
       2
       0
       0
       0
       0
       0
       0
       1
       0
       0
       1
       0
       0
       1
       0
       0
       0
       0
       0
       0
       1
       0
       0
       0
       0
       2
       1
       2
       1
       1
       1
       0
       0
       3
       1
       2
       2
       1
       0
       0
       0
       0
       0
       0
       0
       0
       1
       0
       0
       0
       1
       0
       1
       0
       0
       1
       0
       0
       0
       0
       0
       0
       1
       0
       0
       0
       0
       0
       1
       1
       0
       1
       1
       0
       0
       0
       0
       0
       1
       0
       0
       1
       0
       0
       0
       0
       1
       0
       0
       1
       0
       0
       0
       0
       0
       0
       1
       2
       0
       0
       0
       0
       0
       0
       0
       0
       0
       0
       0
       1
       0
       0
       1
       0
       1
       0
       0
       0
       0
       1
       0
       0
       0
       0
       1
       0
       0
       1
       0
       0
       0
       0
       0
       0
       2
       0
       1
       0
       0
       0
       0
       1
       0
       0
       0
       0
       0
       1
       0
       0
       1
       0
       0
       0
       0
       2
       0
       0
       0
       0
       1
       0
       0
       0
       0
       1
       0
       0
       0
       1
       0
       0
       0
       0
       0
       1
       2
       2
       0
       0
       0
       2
       0
       0
       0
       0
       0
       1
       0
       0
       0
       0
       0
       0
       0
       0
       0
       0
       1
       0
       0
       0
       0
       0
       0
       0
       0
       0
       0
       0
       0
       0
       0
       0
       0
       1
       0
       0
       1
       0
       0
       0
       0
       0
       0
       0
       0
       1
       0
       0
       0
       1
       0
       0
       0
       0
       2
       0
       1
       0
       1
       0
       0
       0
       0
       1
       0
       0
       0
       0
       2
       0
       1
       1
       1
       1
       0
       0
       0
       0
       1
       0
       0
       1
       1
       0
       1
       0
       0
       0
       1
       0
       0
       0
       1
       0
       1
       0
       0
       0
       0
       0
       0
       0
       0
       0
       0
       0
       0
       0
       0
       1
       0
       0
       1
       1
       0
       0
       0
       0
       0
       1
       0
       1
       0
       0
       0
       0
       0
       0
       0
       0
       0
       0
       1
       0
       0
       0
       0
       0
       0
       0
       0
       0
       0
       0
       0
       0
       0
       0
       0
       0
       1
       0
       0
       1
       0
       1
       1
       0
       0
       0
       0
       0
       0
       0
       1
       1
       0
       2
       0
       2
       0
       6
       4
       0
       3
       5
       7
       9
       6
      10
      11
      18
      17
      18
      19
      19
      14
      20
      16
      11
      11
       9
       4
       7
       4
       3
       1
       1
       2
       0
       2
       2
       0
       0
       0
       0
       0
       0
       0
       0
       0
       0
       0
       0
       0
       0
       0
       1
       0
       0
       0
       0
       0
       0
       0
       0
       0
       0
       0
       0
       0
       0
       1
       0
       1
       0
       0
       0
       0
       0
       0
       0
       0
       0
       0
       0
       0
       1
       0
       0
       0
       0
       2
       0
       0
       0
       0
       0
       0
       0
       0
       0
       1
       0
       0
       0
       0
       0
       0
       0
       0
       0
       0
       0
       0
       0
       0
       0
       0
       0
       0
       0
       0
       0
       0
       0
       1
       0
       0
       1
       0
       0
       0
       0
       0
       0
       0
       0
       1
       0
       2
       0
       0
       0
       0
       0
       0
       0
       0
       0
       0
       0
       2
       0
       0
       0
       0
       0
       0
       1
       0
       1
       0
       0
       0
       0
       0
       0
       0
       2
       0
       0
       0
       1
       0
       1
       0
       0
       0
       0
       0
       0
       0
       0
       0
       0
       0
       0
       0
       0
       1
       0
       0
       1
       0
       1
       0
       0
       0
       0
       0
       0
       0
       1
       0
       1
       0
       0
       0
       0
       0
       0
       1
       1
       2
       0
       0
       0
       0
       1
       2
       1
       0
       0
       0
       1
       0
       0
       0
       0
       1
       0
       0
       0
       0
       0
       0
       0
       0
       1
       1
       0
       0
       0
       0
       0
       0
       0
       0
       0
       1
       0
       0
       0
       0
       0
       0
       0
       0
       0
       0
       1
       0
       0
       0
       0
       0
       1
       0
       0
       0
       0
       1
       0
       1
       1
       1
       0
       0
       0
       0
       0
       0
       1
       1
       1
       0
       0
       1
       0
       0
       0
       0
       0
       0
       0
       0
       0
       0
       0
       0
       0
       0
       0
       0
       1
       1
       0
       0
       0
       0
       0
       0
       0
       0
       0
       0
       0
       1
       0
       0
       0
       0
       0
       0
       0
       0
       0
       1
       0
       0
       1
       0
       0
       0
       0
       1
       0
       1
       0
       0
       1
       0
       0
       0
       0
       0
       0
       0
       0
       1
       0
       0
       0
       0
       0
       0
       0
       0
       0
       0
       0
       0
       0
       0
       0
       0
       0
       1
       0
       0
       0
       0
       1
       1
       0
       0
       1
       0
       1
       0
       0
       1
       0
       0
       0
       0
       0
       0
       0
       1
       2
       0
       0
       0
       0
       0
       0
       0
       0
       0
       0
       1
       0
       0
       0
       1
       0
       0
       0
       0
       0
       0
       0
       0
       0
       0
       0
       0
       0
       0
       0
       0
       1
       1
       0
       0
       0
       0
       0
       0
       0
       0
       0
       0
       1
       0
       1
       1
       0
       0
       0
       0
       1
       0
       0
       1
       0
       1
       0
       1
       0
       0
       0
       0
       0
       0
       0
       1
       0
       1
       0
       0
       0
       0
       0
       1
       0
       0
       0
       0
       0
       0
       0
       1
       0
       0
       0
       0
       0
       0
       0
       0
       0
       0
       1
       0
       0
       0
       0
       0
       1
       0
       0
       0
       1
       0
       0
       0
       1
       0
       0
       0
       0
       0
       0
       0
       0
       0
       0
       0
       0
       1
       1
       1
       1
       1
       0
       0
       0
       0
       0
       1
       0
       0
       0
       0
       0
       0
       0
       1
       0
       0
       0
       0
       0
       1
       0
       0
       0
       1
       1
       0
       1
       0
       0
       0
       0
       1
       0
       0
       1
       0
       0
       0
       0
       0
       0
       0
       0
       0
       0
       0
       0
       0
       0
       0
       0
       0
       1
       0
       0
       0
       1
       0
       0
       0
       0
       0
       0
       0
       0
       0
       0
       0
       0
       0
       0
       0
       0
       0
       0
       0
       1
       0
       0
       0
       0
       0
       1
       0
       0
       0
       0
       0
       0
       0
       0
       0
       0
       2
       0
       0
       0
       1
       0
       0
       0
       0
       0
       1
       0
       0
       0
       0
       1
       0
       0
       1
       0
       0
       0
       0
       0
       0
       0
       0
       0
       1
       0
       0
       0
       0
       0
       0
       0
       0
       0
       0
       0
       0
       0
       0
       1
       0
       0
       0
       0
       0
       0
       0
       0
       0
       0
       0
       1
       0
       0
       0
       0
       0
       0
       0
       0
       0
       0
       0
       0
       0
       0
       0
       0
       0
       1
       0
       0
       0
       0
       0
       0
       0
       0
       0
       1
       0
       0
       2
       0
       0
       0
       0
       1
       0
       0
       0
       0
       0
       1
       0
       0
       1
       0
       0
       1
       0
       0
       0
       0
       0
       0
       0
       1
       0
       0
       0
       0
       0
       0
       1
       0
       1
       0
       1
       0
       0
       0
       1
       0
       0
       0
       0
       0
       1
       0
       0
       0
       0
       0
       0
       0
       1
       0
       0
       0
       0
       0
       0
       0
       0
       0
       0
       0
       0
       0
       0
       0
       0
       0
       1
       0
       0
       1
       0
       0
       0
       0
       0
       0
       0
       0
       0
       0
       0
       0
       0
       0
       0
       0
       0
       0
       0
       0
       0
       0
       0
       0
       0
       0
       0
       0
       0
       0
       0
       0
       0
       0
       0
       0
       0
       0
       0
       0
       0
       0
       1
       0
       0
       0
       0
       1
       0
       0
       0
       0
       0
       0
       0
       0
       0
       0
       0
       0
       0
       0
       0
       0
       0
       0
       0
       0
       0
       0
       0
       1
       0
       0
       0
       0
       0
       0
       0
       1
       0
       0
       1
       0
       1
       0
       0
       0
       0
       0
       0
       0
       0
       0
       1
       0
       0
       0
       0
       0
       0
       0
       0
       0
       0
       0
       0
       0
       1
       0
       0
       0
       0
       0
       0
       0
       0
       0
       0
       0
       0
       0
       0
       0
       0
       0
       0
       0
       0
       0
       0
       0
       0
       0
       0
       0
       0
       0
       0
       0
       0
       0
       0
       0
       0
       0
       0
       0
       0
       0
       0
       0
       0
       1
       0
       0
       0
       0
       0
       0
       0
       0
       0
       0
       0
       0
       0
       0
       0
       0
       0
       0
       0
       0
       1
       0
       0
       0
       0
       0
       0
       0
       1
       0
       0
       0
       0
       0
       0
       0
       0
       0
       0
       0
       0
       0
       0
       0
       0
       0
       0
       0
       0
       0
       0
       0
       1
       0
       0
       0
       0
       0
       0
       1
       0
       0
       0
       0
       0
       0
       0
       0
       0
       2
       0
       0
       0
       0
       0
       0
       0
       0
       0
       0
       0
       0
       0
       0
       0
       0
       0
       0
       0
       0
       0
       1
       1
       0
       0
       0
       0
       0
       0
       0
       0
       0
       0
       0
       0
       0
       0
       1
       0
       0
       0
       0
       0
       0
       0
       0
       0
       0
       0
       0
       0
       0
       0
       0
       0
       1
       0
       1
       0
       0
       0
       0
       0
       0
       0
       0
       0
       0
       1
       0
       0
       1
       0
       0
       0
       1
       0
       0
       0
       0
       0
       0
       0
       0
       0
       0
       0
       0
       1
       0
       0
       0
       0
       2
       0
       1
       1
       0
       1
       0
       0
       0
       0
       0
       0
       0
       1
       0
       1
       0
       0
       0
       1
       0
       0
       0
       1
       0
       0
       0
       0
       0
       0
       0
       0
       0
       0
       0
       0
       0
       0
       0
       0
       0
       0
       0
       0
       0
       1
       0
       0
       0
       0
       0
       0
       0
       0
       0
       0
       1
       0
       0
       0
       0
       0
       0
       0
       0
       0
       0
       0
       0
       0
       0
       0
       0
       0
       0
       0
       0
       0
       0
       0
       0
       0
       1
       0
       0
       0
       0
       0
       0
       0
       0
       0
       0
       0
       0
       0
       0
       0
       0
       1
       0
       0
       0
       0
       0
       0
       0
       0
       0
       0
       0
       0
       0
       1
       0
       0
       0
       0
       0
       0
       0
       1
       0
       0
       0
       0
       0
       1
       0
       1
       1
       0
       0
       2
       1
       0
       0
       1
       2
       0
       4
       3
       3
       1
       2
       0
       1
       2
       1
       1
       2
       2
       1
       0
       1
       0
       0
       1
       0
       0
       0
       0
       0
       0
       0
       0
       0
       1
       0
       0
       0
       0
       0
       0
       0
       0
       0
       0
       0
       0
       0
       0
       0
       0
       0
       0
       0
       0
       0
       0
       0
       0
       1
       0
       0
       0
       0
       0
       0
       0
       0
       0
       0
       0
       0
       0
       0
       0
       0
       0
       0
       0
       0
       0
       0
       0
       0
       0
       0
       0
       0
       0
       0
       0
       0
       0
       0
       0
       0
       0
       0
       0
       0
       0
       0
       0
       0
       0
       0
       0
       0
       0
       0
       0
       0
       0
       0
       1
       0
       0
       0
       0
       0
       0
       0
       0
       0
       0
       0
       0
       0
       1
       0
       1
       1
       1
       0
       0
       0
       0
       0
       0
       0
       0
       0
       0
       0
       0
       0
       0
       0
       0
       0
       0
       0
       0
       0
       0
       0
       0
       0
       0
       0
       0
       0
       0
       0
       0
       1
       0
       0
       0
       0
       0
       0
       0
       0
       0
       0
       0
       0
       0
       0
       0
       0
       0
       0
       0
       0
       0
       0
       0
       0
       0
       0
       0
       0
       0
       0
       0
       0
       0
       0
       0
       0
       1
       0
       0
       0
       0
       0
       0
       0
       0
       1
       0
       1
       0
       0
       0
       0
       0
       0
       0
       0
       0
       0
       0
       0
       0
       0
       0
       0
       0
       0
       0
       0
       0
       0
       0
       0
       0
       0
       0
       0
       0
       1
       0
       0
       0
       0
       0
       0
       0
       0
       0
       1
       0
       0
       0
       0
       0
       1
       0
       0
       1
       0
       0
       0
       0
       0
       0
       0
       0
       0
       0
       0
       0
       0
       0
       1
       0
       1
       0
       0
       0
       0
       0
       0
       0
       0
       0
       0
       0
       0
       0
       0
       0
       0
       0
       0
       0
       0
       0
       1
       0
       0
       0
       0
       0
       0
       0
       0
       0
       0
       0
       0
       0
       0
       0
       0
       0
       0
       0
       0
       2
       0
       0
       0
       0
       0
       0
       0
       0
       0
       0
       1
       0
       0
       0
       0
       0
       0
       0
       1
       0
       0
       1
       0
       0
       0
       0
       0
       0
       0
       0
       0
       0
       0
       0
       0
       0
       0
       0
       0
       1
       1
       0
       0
       0
       0
       0
       0
       0
       0
       0
       1
       0
       0
       0
       0
       0
       0
       0
       0
       0
       0
       0
       0
       0
       0
       0
       0
       0
       0
       0
       0
       0
       0
       0
       0
       0
       0
       0
       0
       0
       0
       0
       0
       0
       0
       0
       0
       0
       0
       0
       0
       0
       1
       0
       0
       0
       0
       0
       0
       0
       0
       0
       0
       0
       0
       0
       0
       0
       0
       0
       0
       0
       0
       0
       0
       0
       0
       0
       0
       0
       0
       0
       0
       0
       0
       1
       0
       0
       0
       0
       0
       0
       0
       0
       0
       0
       1
       0
       0
       0
       0
       0
       0
       0
       0
       0
       0
       0
       0
       1
       0
       0
       0
       0
       0
       0
       0
       0
       1
       0
       0
       0
       0
       0
       0
       1
       0
       1
       0
       0
       0
       1
       0
       0
       0
       0
       0
       0
       0
       0
       0
       0
       0
       0
       0
       0
       0
       0
       0
       0
       0
       0
       0
       0
       0
       0
       0
       0
       0
       0
       0
       0
       0
       0
       1
       0
       0
       0
       0
       0
       0
       0
       1
       0
       0
       0
       0
       0
       0
       0
       1
       0
       0
       0
       0
       1
       1
       0
       0
       0
       0
       0
       0
       0
       1
       0
       0
       0
       0
       0
       0
       0
       0
       0
       0
       0
       0
       0
       0
       0
       0
       0
       0
       0
       0
       0
       0
       0
       0
       0
       0
       0
       0
       0
       0
       0
       0
       0
       1
       0
       0
       0
       0
       0
       0
       0
       0
       0
       1
       0
       0
       0
       0
       0
       0
       1
       1
       0
       0
       0
       0
       0
       0
       0
       0
       0
       0
       0
       0
       0
       0
       0
       0
       0
       0
       0
       0
       0
       0
       0
       0
       0
       0
       0
       0
       1
       0
       0
       0
       0
       0
       0
       0
       0
       0
       0
       0
       0
       0
       0
       0
       0
       0
       1
       0
       0
       0
       0
       0
       0
       0
       0
       0
       0
       0
       0
       0
       0
       0
       0
       0
       0
       0
       0
       0
       0
       0
       0
       0
       1
       0
       0
       0
       0
       0
       0
       0
       0
       0
       0
       0
       0
       0
       0
       0
       0
       0
       0
       0
       0
       0
       0
       0
       1
       0
       0
       0
       0
       0
       0
       0
       0
       0
       0
       0
       0
       0
       0
       0
       0
       1
       0
       0
       0
       0
       1
       0
       0
       0
       1
       0
       0
       0
       0
       0
       0
       0
       0
       0
       0
       1
       0
       0
       0
       0
       0
       0
       0
       0
       0
       0
       0
       0
       0
       0
       0
       0
       0
       0
       1
       0
       0
       0
       0
       0
       0
       0
       0
       1
       1
       0
       0
       0
       0
       0
       0
       0
       0
       0
       0
       0
       0
       0
       0
       0
       0
       0
       0
       0
       0
       0
       0
       0
       0
       0
       0
       0
       0
       0
       0
       1
       0
       0
       0
       0
       0
       1
       0
       0
       0
       0
       0
       0
       0
       0
       0
       0
       0
       0
       0
       0
       0
       0
       0
       0
       0
       0
       0
       0
       0
       0
       2
       0
       0
       0
       0
       0
       0
       0
       0
       0
       0
       0
       0
       0
       0
       0
       0
       0
       0
       0
       0
       1
       0
       0
       1
       0
       0
       0
       0
       0
       0
       0
       0
       0
       0
       0
       0
       0
       1
       0
       0
       0
       1
       0
       0
       0
       0
       0
       0
       0
       0
       0
       0
       0
       0
       0
       0
       0
       0
       0
       0
       1
       0
       0
       0
       0
       0
       0
       0
       0
       0
       0
       0
       0
       0
       0
       0
       0
       1
       0
       0
       0
       0
       1
       0
       0
       0
       0
       0
       0
       0
       0
       0
       0
       0
       0
       0
       0
       0
       0
       0
       0
       0
       0
       0
       0
       0
       0
       0
       0
       1
       0
       0
       0
       0
       0
       0
       0
       0
       0
       0
       0
       0
       0
       0
       0
       0
       0
       0
       0
       0
       0
       0
       0
       0
       0
       0
       0
       0
       0
       0
       0
       0
       0
       0
       0
       0
       0
       0
       1
       0
       0
       0
       0
       0
       0
       0
       0
       0
       0
       0
       0
       0
       1
       0
       0
       0
       0
       0
       0
       0
       0
       1
       0
       0
       0
       0
       0
       0
       0
       0
       0
       0
       0
       0
       0
       0
       0
       0
       0
       0
       0
       0
       0
       1
       0
       0
       1
       1
       0
       0
       0
       0
       0
       0
       0
       0
       0
       0
       0
       0
       0
       0
       0
       0
       0
       1
       0
       0
       0
       0
       0
       0
       0
       0
       0
       0
       0
       0
       0
       0
       0
       0
       0
       0
       0
       0
       0
       0
       0
       0
       1
       0
       0
       0
       0
       0
       0
       0
       0
       0
       0
       0
       0
       0
       0
       0
       0
       0
       0
       0
       0
       0
       0
       0
       1
       0
       0
       0
       0
       0
       0
       0
       0
       0
       0
       0
       0
       0
       0
       0
       0
       0
       1
       0
       0
       0
       0
       0
       0
       0
       0
       0
       0
       0
       0
       0
       0
       0
       1
       1
       0
       0
       1
       0
       0
       0
       0
       0
       0
       0
       0
       0
       0
       0
       0
       0
       0
       0
       0
       0
       0
       0
       1
       0
       0
       0
       0
       0
       0
       0
       1
       0
       0
       0
       0
       0
       0
       0
       0
       0
       0
       0
       0
       0
       0
       0
       0
       0
       0
       0
       0
       0
       0
       0
       0
       0
       0
       0
       0
       0
$ROI:
4
1378 1451
2561 2692
4616 4696
5236 5352
$PRESETS:
None
0
0
$ENER_FIT:
0.000000 0.252102
$MCA_CAL:
3
0.000000E+000 2.521022E-001 0.000000E+000 keV
$SHAPE_CAL:
3
1.531186E+001 0.000000E+000 0.000000E+000
