$SPEC_ID:
No sample description was entered.
$SPEC_REM:
DET# 1
DETDESC# GMX20P4 HPGe
AP# Maestro Version 7.01
$DATE_MEA:
10/08/2020 10:49:17
$MEAS_TIM:
361 370
$DATA:
0 8191
       0
       0
       0
       0
       0
       0
       0
       0
       0
       0
       0
       0
       0
       0
       0
       0
       0
       0
       0
       0
       0
       0
       0
       0
       0
       0
       0
       0
       0
       0
       0
       0
       0
       0
       0
       0
       0
       0
       0
       0
       0
       0
       0
       0
       0
       0
       0
       0
       0
       5
      47
      73
      76
      69
      85
      76
      70
      98
      67
      70
      75
      76
      79
      88
      71
      91
      69
      89
      89
      91
      85
      77
      71
      82
     105
      80
      80
      82
      79
      77
      85
      98
      97
      95
      97
     103
      87
     107
     117
     104
     103
     103
     121
     131
     116
     105
     113
     109
     121
      92
      92
     109
     110
     120
     117
     116
     130
     108
     133
     134
     165
     161
     194
     164
     241
     252
     258
     311
     318
     408
     429
     506
     514
     638
     631
     700
     685
     742
     677
     745
     640
     581
     561
     529
     426
     382
     350
     304
     287
     288
     223
     253
     238
     253
     228
     213
     256
     217
     202
     188
     154
     180
     167
     153
     141
     114
     126
     112
      95
      81
      97
     108
      92
      95
     104
      86
      95
      91
     108
     104
      98
      86
      91
      91
      90
      96
     106
      95
      95
      95
      92
      95
     115
     117
     103
      89
      97
     120
     109
      96
     106
      90
     121
     102
     116
     125
     105
      95
     108
     105
     109
     110
      96
     108
     103
     109
      98
      96
     112
     103
      86
     112
      98
      95
      95
     107
      95
      80
     105
      95
      95
      94
      91
     110
     114
      87
      99
     109
      85
     101
     110
      86
      87
     106
     115
      96
      91
     100
      88
     107
      99
      81
      92
     103
      91
      97
     115
      95
     104
     100
     107
     107
     113
     110
     106
      98
     101
     114
     126
     103
      98
     105
      87
     123
     100
     115
     105
     102
     127
     119
     125
     107
     116
     104
     123
     108
     113
      92
     116
     106
     110
     105
     105
     116
     111
     121
     124
     105
     104
     112
     113
     105
      98
      93
     106
     124
     107
     112
     112
     114
     106
      98
     110
     125
     113
     115
     112
     113
      99
     105
     120
     133
     129
     129
     106
     116
     108
      99
     110
     100
     106
     109
     127
     112
     119
     116
     135
     118
     124
     125
     132
     118
     108
     113
     106
     107
     111
     115
     102
     116
     117
     119
     135
     118
     119
     114
     113
      94
     105
     112
      99
     100
     114
     119
     124
      99
     117
     105
     128
     120
      99
     130
     115
     107
     119
     119
     123
     116
     100
      92
     127
     123
      95
     112
     112
     117
     133
     100
     102
     120
     102
      92
     106
     104
     111
     124
     127
     105
     114
     109
     115
     113
     119
     132
     124
     108
     120
     107
      93
     102
      91
     133
     108
      93
     108
      98
     103
     103
     115
      99
     114
     115
      96
     123
     102
      98
     119
     132
      92
     119
     116
      93
     124
     115
     111
      99
     114
     101
     125
      97
     113
     104
     109
     118
     112
     108
     100
     115
     131
     107
     105
     118
     111
     117
     123
     103
     106
     109
     115
     115
     119
     114
     123
     123
     111
     115
     120
      89
     121
     119
      85
     120
     117
     111
      90
     115
     103
     102
     124
      99
     116
     111
     116
     109
     116
     118
      98
     120
      89
     112
     106
     108
     112
     108
     117
     109
      78
     118
      97
     106
     108
     113
      94
     103
     101
      89
     109
      91
     101
     111
      95
     114
     108
     115
     115
     107
      95
     114
      96
      95
      79
     118
     122
     114
      91
     102
     101
      92
      97
     107
      85
      94
      88
     109
      98
     112
      83
      87
     120
     101
     115
     109
     113
     127
      96
      97
      98
     110
      98
      86
     114
     112
      95
      94
     104
     103
      99
      92
     108
     100
      97
      93
     102
      97
     107
      93
      98
     100
     114
      94
      90
      93
     113
     112
      90
     100
     108
     115
     105
      97
      92
     100
      83
     102
     104
      88
      97
      99
      97
     109
     103
     105
     101
      90
      95
     110
      99
     106
      99
     108
      84
      93
      96
      75
     115
      79
     103
      99
      88
     107
      95
      79
      95
      81
      88
     100
     105
      86
     107
     114
      94
      92
      92
      97
      99
      84
      94
      78
      90
      92
     106
      90
      86
      77
     100
      81
      98
      95
      91
      76
      90
     106
      93
      83
      93
      92
      95
      91
     101
      91
      94
      81
      74
      87
      97
      79
     106
     103
      80
      79
      78
      99
      92
      82
      86
      92
     101
     104
      99
      92
      87
      83
      85
      79
      89
      89
      93
      76
      97
      86
      79
      93
      87
      87
      93
     100
      99
      86
     106
     113
      98
      93
      97
      84
      98
      95
      84
      79
      90
     106
     105
      84
      83
      81
      93
      98
      82
      74
      73
      72
     108
      89
      81
      83
      89
     106
      83
      80
      69
      74
      89
      98
     111
     100
      93
     106
     100
      90
      78
      70
      96
      86
      86
      93
     110
      89
     103
      97
     102
     108
     104
      96
     109
     110
     110
     112
     110
     117
     104
     107
     110
     113
     123
     106
     111
      96
     120
     116
     116
      98
      95
      99
     103
      95
     105
     101
     117
     112
      94
     101
     116
     106
     107
     107
     115
     118
     103
      98
      87
     101
     106
     100
     124
      97
     102
      91
      84
      94
     105
      88
      89
      90
      86
      89
      93
      87
      86
      80
      88
      93
      80
      96
      93
      88
      70
      99
      89
      87
      91
      79
      92
      89
     107
      75
      76
      81
      86
      71
      94
      87
      69
      87
      79
      99
      81
      79
      86
      89
      75
      91
      90
      82
      72
      64
      91
      95
      75
     102
      82
      78
      88
      94
      90
      95
      83
      77
      87
      78
      76
      79
      86
      80
      68
      79
      78
      78
      83
      82
      95
      68
      92
      82
      79
      65
      75
      80
      85
      86
      72
      72
      72
      81
      70
      92
      81
      77
      78
      76
      80
      78
      77
      76
      73
      64
      83
      89
      76
      66
      66
      78
      82
      71
      89
      75
      68
      71
      65
      79
     100
      82
      68
      84
      73
      79
      87
      82
      67
      83
      72
      73
      66
      82
      72
      87
      87
      82
      82
      65
      88
      68
      87
      70
      75
      79
      93
      80
      83
      71
     102
      75
      86
      72
      86
      76
      75
      83
      68
      82
      72
      71
      79
      80
     102
      86
      67
      72
      83
      85
      82
      88
      63
      77
      67
      85
      84
      92
     108
      79
      82
      84
      78
      85
      82
      83
      79
      84
      65
      78
      79
      92
      73
      79
      72
      99
      71
      89
      83
      77
      84
      92
      77
      85
      72
      87
      77
      72
      78
      94
      79
      74
      79
      66
      91
      85
      77
      83
      82
      79
      92
      79
      67
      65
      79
      71
      73
      87
      71
      59
      83
      90
      76
      76
      83
      72
      92
      77
      73
      82
      75
      73
      79
      86
      69
      76
      74
      88
      75
      58
      73
      72
      65
      73
      60
      73
      62
      89
      84
      70
      72
      61
      71
      80
      74
      63
      71
      77
      75
      64
      77
      65
      84
      74
      72
      72
      72
      73
      80
      70
      86
      75
      76
      74
      87
      80
      59
      79
      70
      82
      77
      86
      79
      73
      76
      72
      73
      72
      71
      78
      78
      66
      68
      75
      67
      53
      72
      65
      71
      81
      69
      81
      80
      88
      63
      76
      70
      66
      84
      77
      67
      68
      70
      62
      62
      76
      68
      68
      69
      79
      65
      79
      63
      78
      62
      58
      76
      64
      76
      65
      82
      53
      58
      74
      73
      65
      71
      61
      56
      61
      65
      81
      69
      67
      47
      77
      80
      74
      71
      80
      85
      69
      68
      76
      66
      72
      73
      67
      59
      86
      74
      73
      63
      68
      78
      63
      56
      69
      51
      68
      78
      63
      74
      76
      60
      65
      75
      64
      61
      76
      50
      70
      67
      66
      66
      60
      62
      66
      73
      70
      65
      76
      83
      83
      64
      55
      61
      67
      69
      71
      71
      63
      51
      71
      64
      74
      63
      60
      65
      51
      70
      57
      63
      69
      55
      68
      71
      59
      67
      67
      80
      67
      56
      69
      57
      53
      61
      71
      60
      69
      48
      61
      70
      70
      70
      62
      74
      63
      57
      49
      56
      66
      66
      74
      68
      70
      77
      60
      74
      61
      47
      65
      59
      49
      64
      75
      71
      68
      54
      59
      60
      60
      64
      65
      65
      62
      46
      61
      69
      61
      52
      81
      50
      71
      70
      72
      74
      52
      51
      71
      70
      54
      63
      64
      57
      51
      63
      67
      50
      62
      63
      47
      62
      64
      54
      64
      57
      59
      64
      57
      41
      65
      67
      76
      67
      52
      57
      53
      63
      60
      49
      64
      70
      50
      51
      46
      60
      60
      46
      44
      61
      55
      49
      57
      51
      49
      57
      65
      71
      63
      58
      57
      65
      73
      62
      47
      49
      61
      56
      50
      68
      54
      60
      71
      63
      44
      59
      65
      60
      65
      72
      56
      67
      50
      54
      59
      65
      53
      53
      57
      56
      61
      59
      60
      51
      66
      54
      74
      70
      60
      63
      65
      64
      52
      61
      69
      60
      58
      62
      68
      51
      51
      57
      66
      61
      68
      62
      57
      62
      56
      57
      66
      52
      61
      65
      59
      57
      65
      48
      69
      48
      52
      52
      40
      67
      55
      56
      59
      61
      57
      67
      60
      64
      63
      66
      56
      80
      82
      67
      60
      81
      65
      76
      62
      65
      59
      63
      68
      64
      56
      63
      61
      68
      70
      51
      64
      65
      58
      53
      60
      65
      59
      50
      53
      51
      63
      61
      61
      63
      62
      64
      65
      46
      53
      71
      65
      46
      54
      55
      70
      51
      63
      46
      52
      64
      65
      60
      69
      44
      61
      60
      58
      61
      67
      65
      59
      57
      41
      69
      50
      49
      62
      55
      76
      60
      61
      55
      64
      58
      68
      66
      51
      65
      65
      55
      59
      55
      62
      61
      63
      53
      59
      58
      62
      56
      55
      63
      56
      69
      61
      66
      68
      62
      73
      63
      58
      45
      67
      51
      59
      55
      59
      56
      66
      60
      76
      53
      67
      65
      48
      71
      58
      50
      55
      58
      64
      61
      69
      75
      53
      65
      48
      59
      58
      57
      55
      74
      42
      50
      55
      52
      67
      71
      62
      66
      55
      83
      56
      61
      68
      61
      55
      59
      51
      69
      65
      49
      53
      60
      68
      75
      62
      61
      65
      53
      57
      81
      62
      62
      66
      48
      49
      69
      60
      61
      59
      65
      47
      84
      54
      66
      72
      59
      49
      69
      55
      65
      57
      65
      45
      71
      71
      66
      52
      64
      59
      58
      74
      51
      60
      80
      59
      70
      69
      59
      71
      70
      66
      79
      73
      62
      56
      76
      67
      65
      71
      76
      75
      78
      59
      61
      54
      72
      66
      65
      56
      66
      68
      57
      53
      62
      66
      64
      67
      65
      73
      72
      70
      67
      72
      68
      64
      69
      79
      83
      74
      92
      57
      66
      70
      70
      67
      54
      72
      78
      64
      67
      75
      69
      61
      67
      76
      66
      61
      61
      72
      74
      58
      85
      61
      75
      78
      59
      70
      76
      58
      87
      52
      81
      64
      72
      68
      74
      68
      73
      72
      68
      65
      65
      65
      83
      76
      55
      71
      70
      68
      94
      81
      64
      84
      68
      68
      80
      71
      72
      64
      75
      63
      72
      71
      77
      74
      50
      69
      66
      66
      74
      60
      67
      71
      54
      69
      65
      66
      85
      69
      78
      74
      80
      72
      78
      77
      66
      72
      62
      74
      80
      81
      72
      68
      78
      77
      65
      85
      69
      82
      81
      72
      79
      80
      66
      78
      76
      69
      65
      65
      55
      61
      71
      79
      74
      82
      79
      81
      60
      74
      79
      83
      76
      80
      69
      71
      76
      65
      64
     101
      67
      74
      78
      74
      80
      76
      81
      68
      71
      75
      81
      66
      90
      89
      82
      76
      73
      73
      73
      97
      72
      59
      66
      67
      84
      68
      83
      84
      81
      85
      67
      72
      67
      69
      90
      65
      71
      78
      92
      83
      76
      85
      86
      78
      75
      69
      76
      69
      63
      81
      93
      79
      83
      74
      84
      80
      73
      85
      86
      89
      81
      80
      86
      81
      83
      87
      78
      79
      73
      84
      87
      78
      86
      86
      73
      88
      60
      72
      84
      86
      75
      97
      89
      98
      76
      85
      84
      71
      76
      81
      82
      79
      87
      77
      83
      68
      67
      70
      77
      81
      77
      74
      62
      77
      68
      71
      73
      89
      71
      81
      70
      68
      85
      82
      76
      92
      59
      75
      67
      75
      86
      72
      73
      67
      83
      59
      62
      67
      74
      65
      63
      85
      60
      59
      62
      52
      63
      59
      62
      50
      73
      47
      54
      53
      49
      51
      52
      64
      50
      48
      44
      57
      50
      38
      50
      50
      49
      57
      43
      39
      54
      51
      53
      41
      36
      40
      44
      53
      40
      41
      39
      48
      45
      34
      52
      41
      37
      46
      43
      40
      38
      48
      35
      39
      32
      44
      46
      47
      45
      29
      48
      42
      52
      39
      34
      43
      37
      45
      27
      43
      40
      40
      43
      39
      41
      36
      41
      38
      42
      30
      41
      42
      41
      36
      30
      47
      39
      41
      33
      32
      44
      40
      32
      32
      43
      33
      30
      44
      37
      27
      43
      35
      34
      38
      49
      31
      34
      30
      26
      31
      18
      39
      35
      34
      34
      23
      31
      36
      35
      19
      27
      31
      42
      36
      40
      40
      29
      23
      36
      28
      38
      35
      28
      35
      39
      39
      32
      21
      39
      34
      39
      36
      34
      27
      30
      27
      21
      39
      30
      24
      27
      30
      35
      29
      27
      31
      31
      35
      33
      26
      30
      33
      27
      40
      26
      29
      27
      24
      35
      23
      26
      28
      24
      29
      26
      31
      35
      30
      29
      29
      35
      23
      25
      30
      22
      18
      25
      23
      26
      21
      28
      20
      32
      22
      23
      23
      31
      15
      26
      15
      21
      30
      30
      23
      25
      19
      34
      28
      18
      22
      28
      25
      18
      23
      17
      14
      24
      16
      20
      25
      28
      21
      22
      24
      17
      22
      11
      32
      30
      18
      17
      21
      15
      23
      28
      18
      25
      18
      20
      28
      24
      19
      26
      23
      13
      16
      19
      20
      22
      25
      18
      19
      19
      24
      18
      15
      16
      18
      26
      21
      18
      19
      18
      22
      22
      24
      17
      21
       8
      16
      15
      19
      17
      18
      11
      14
      14
      17
      22
      16
      18
      15
      11
      13
      15
      12
      19
      14
      11
      12
      19
      15
      19
      22
      22
      12
      16
      14
      15
      18
      13
      17
      15
      12
      20
       8
      12
      12
       7
      17
       7
      14
      14
      18
      15
      14
      12
       9
      18
      13
      17
      16
      17
       7
      16
      18
       9
      14
      12
       5
      16
       9
      10
      12
      13
      10
      17
      18
      11
      16
      12
      15
      12
       6
      11
      12
      10
      12
      19
       7
       7
      14
       8
       9
      15
      11
      11
      10
       8
      10
      12
       8
      11
       7
       9
      16
      13
       8
      14
      14
      15
      14
      11
      11
       7
      15
      10
      11
      14
       8
       6
      15
       4
      14
      14
      10
      10
      10
      16
       7
      12
      10
      11
      14
       8
       8
      19
      12
      15
       9
       9
       9
       9
      10
       8
      11
      12
      17
      12
      14
       7
       5
      11
      15
       7
      18
      11
      13
      12
      15
      15
      14
      11
      13
      18
      14
      13
      18
      15
      12
       8
       7
       6
      10
      11
       7
       7
      12
      11
      12
      12
      13
      13
       7
       8
       8
      11
       8
      10
       9
       9
       7
      10
       9
       6
       8
      12
      16
       7
       2
      10
      13
      10
       3
       8
       9
       9
      14
      12
       5
      10
       3
       6
       6
       4
       8
      11
      10
      10
       9
      13
      11
       8
       5
       8
       9
       4
       7
      11
       7
       9
      10
      13
       6
       6
      15
       6
       5
       8
      10
       8
       6
       8
       7
       7
       7
       5
       8
       5
       8
       6
       4
      10
      11
       6
      10
       7
      12
       9
      11
       8
      11
      12
      11
      23
      15
      16
      21
      15
      16
      12
      11
      13
      11
      15
      12
      11
       9
       7
       9
       9
       6
       8
       8
       7
       9
       4
       6
       6
       9
       3
      10
       6
       8
       9
       6
       9
      14
       9
      10
       6
       6
       9
       9
       4
       4
      10
      11
       3
       8
       8
       8
      10
       4
       5
       8
       8
      10
       4
       6
       6
       5
       7
       4
      11
       9
      12
       3
      11
      10
       5
      12
       8
       5
       6
      11
      10
       7
       4
       7
      12
       8
       9
       9
      12
       7
       6
      12
       7
       7
       8
       5
       8
       2
       6
       4
       8
       7
       6
       6
      10
       8
       2
       6
       7
       8
       2
       6
      12
      12
       3
       9
       7
       5
       9
      12
      11
       9
      10
       5
       7
       6
       9
       4
       7
       6
       9
       5
       9
       5
       7
       5
       4
       6
      12
       7
      10
      13
      11
       7
       4
       7
       9
       9
       7
       5
      11
       4
      11
       7
      10
       4
       5
       8
       5
       3
       8
       5
       4
       9
       7
       9
       7
       4
       7
       9
      14
       5
      10
       9
      12
       3
      10
       6
       6
       7
       5
       7
      14
      11
      10
       6
      10
      10
       7
      13
       9
      13
       7
      11
      14
      12
      17
      26
      27
      53
      56
     101
     128
     179
     261
     386
     503
     646
     865
    1056
    1194
    1544
    1650
    1860
    2010
    2099
    2289
    2255
    2191
    2015
    1893
    1665
    1379
    1234
    1027
     748
     629
     482
     338
     225
     173
     126
      79
      40
      34
      17
      13
       9
       6
       1
       3
       2
       1
       1
       0
       1
       3
       0
       1
       2
       0
       1
       1
       3
       0
       1
       1
       2
       2
       1
       0
       4
       3
       1
       4
       4
       2
       3
       1
       1
       2
       2
       1
       2
       2
       2
       3
       0
       1
       1
       4
       1
       3
       0
       4
       2
       1
       0
       2
       1
       0
       0
       1
       4
       2
       4
       2
       2
       2
       0
       3
       2
       0
       2
       1
       0
       1
       0
       0
       2
       3
       1
       1
       0
       1
       1
       0
       5
       2
       2
       0
       0
       1
       4
       2
       1
       0
       0
       4
       3
       1
       0
       2
       1
       1
       2
       3
       2
       2
       2
       3
       3
       3
       2
       0
       1
       0
       2
       1
       2
       1
       0
       2
       2
       0
       1
       1
       1
       2
       1
       2
       1
       0
       1
       3
       0
       4
       0
       1
       0
       0
       3
       1
       2
       2
       2
       0
       1
       3
       1
       2
       1
       3
       0
       2
       2
       2
       1
       2
       1
       2
       3
       2
       1
       1
       2
       0
       2
       1
       0
       0
       1
       2
       4
       4
       1
       2
       1
       1
       3
       3
       5
       0
       0
       1
       0
       4
       2
       2
       4
       2
       1
       1
       3
       2
       2
       2
       0
       1
       3
       2
       1
       2
       3
       0
       3
       2
       2
       3
       3
       1
       3
       2
       0
       2
       4
       0
       2
       3
       2
       1
       4
       1
       1
       0
       0
       1
       0
       1
       1
       1
       2
       0
       3
       2
       2
       3
       2
       3
       5
       3
       0
       1
       3
       3
       2
       1
       2
       2
       1
       5
       1
       0
       0
       1
       3
       1
       2
       2
       0
       1
       0
       4
       2
       0
       0
       1
       3
       0
       0
       3
       1
       0
       2
       1
       0
       1
       1
       4
       3
       0
       0
       1
       0
       1
       2
       0
       1
       1
       0
       1
       0
       1
       2
       2
       1
       0
       3
       1
       3
       1
       0
       0
       1
       0
       4
       2
       3
       3
       3
       1
       3
       0
       3
       1
       0
       2
       1
       1
       3
       3
       1
       0
       4
       2
       2
       4
       2
       0
       2
       1
       2
       2
       1
       1
       3
       0
       0
       1
       2
       2
       1
       2
       3
       1
       0
       0
       2
       3
       1
       0
       1
       2
       0
       1
       1
       4
       2
       4
       1
       3
       2
       4
       4
       3
       2
       2
       2
       1
       3
       3
       3
       2
       0
       1
       2
       2
       3
       1
       3
       1
       0
       2
       1
       1
       0
       4
       1
       3
       1
       5
       4
       2
       2
       2
       1
       0
       2
       3
       2
       1
       3
       1
       1
       3
       1
       2
       2
       0
       5
       0
       0
       3
       1
       1
       1
       3
       2
       2
       3
       1
       3
       2
       3
       0
       2
       3
       1
       0
       3
       0
       0
       0
       0
       1
       0
       2
       1
       0
       1
       1
       1
       0
       0
       3
       3
       2
       1
       0
       1
       0
       0
       3
       2
       1
       1
       0
       4
       0
       3
       0
       2
       1
       1
       1
       1
       1
       0
       3
       2
       0
       2
       3
       2
       1
       2
       2
       0
       2
       3
       1
       1
       0
       0
       1
       1
       1
       0
       1
       4
       0
       5
       2
       1
       1
       3
       2
       2
       0
       0
       1
       1
       0
       2
       3
       0
       2
       0
       2
       1
       3
       1
       2
       2
       4
       2
       1
       1
       1
       0
       2
       2
       1
       0
       1
       2
       0
       2
       3
       0
       2
       0
       2
       2
       1
       0
       0
       0
       0
       0
       2
       3
       1
       2
       0
       1
       1
       0
       2
       1
       2
       3
       2
       1
       2
       1
       3
       0
       0
       1
       1
       1
       1
       0
       2
       2
       1
       1
       3
       0
       0
       2
       3
       1
       3
       3
       4
       0
       2
       0
       2
       1
       0
       4
       3
       1
       1
       1
       2
       2
       0
       1
       1
       0
       1
       2
       1
       1
       0
       2
       0
       3
       1
       1
       2
       0
       0
       2
       3
       1
       3
       1
       4
       0
       0
       0
       3
       2
       2
       0
       1
       1
       2
       1
       1
       1
       2
       3
       1
       0
       2
       3
       2
       3
       3
       1
       0
       2
       1
       3
       1
       3
       1
       0
       1
       0
       1
       2
       1
       2
       1
       1
       1
       3
       0
       1
       2
       1
       1
       2
       2
       1
       2
       0
       3
       2
       0
       1
       1
       1
       3
       1
       2
       3
       0
       0
       0
       2
       1
       5
       3
       3
       3
       0
       3
       4
       0
       0
       1
       0
       2
       0
       0
       1
       0
       2
       1
       1
       1
       2
       1
       1
       0
       1
       0
       1
       0
       1
       1
       1
       2
       0
       2
       4
       1
       0
       4
       1
       0
       0
       1
       2
       4
       1
       0
       1
       1
       0
       1
       2
       1
       1
       1
       1
       0
       0
       1
       0
       3
       1
       1
       0
       0
       1
       3
       1
       1
       0
       5
       1
       2
       3
       1
       0
       0
       2
       4
       3
       0
       2
       2
       0
       0
       2
       0
       1
       0
       1
       1
       0
       1
       1
       1
       0
       2
       2
       0
       1
       0
       3
       3
       1
       0
       0
       3
       1
       3
       0
       3
       1
       3
       4
       0
       0
       0
       1
       2
       2
       0
       2
       0
       1
       0
       1
       0
       0
       1
       1
       0
       2
       0
       0
       3
       1
       1
       3
       2
       3
       2
       2
       1
       1
       3
       0
       2
       3
       0
       1
       3
       0
       2
       2
       0
       0
       3
       3
       2
       1
       0
       1
       3
       1
       1
       1
       1
       3
       3
       1
       1
       0
       2
       1
       0
       0
       2
       1
       1
       2
       1
       1
       1
       2
       3
       0
       1
       3
       1
       0
       2
       0
       0
       2
       1
       1
       0
       1
       2
       1
       1
       1
       0
       1
       1
       0
       4
       1
       0
       2
       0
       2
       1
       1
       0
       1
       1
       0
       3
       1
       1
       0
       1
       0
       2
       1
       0
       2
       1
       3
       1
       1
       3
       1
       2
       4
       2
       2
       1
       1
       2
       1
       3
       1
       1
       2
       3
       1
       1
       1
       0
       2
       1
       2
       0
       1
       2
       0
       0
       3
       2
       0
       0
       1
       0
       1
       2
       0
       2
       1
       1
       1
       0
       1
       0
       0
       2
       2
       2
       3
       1
       0
       1
       0
       1
       1
       0
       0
       4
       2
       3
       1
       3
       5
       1
       3
       5
       1
       7
       2
       4
       1
       2
       2
       3
       1
       3
       2
       1
       2
       3
       2
       2
       1
       3
       1
       1
       1
       0
       2
       0
       0
       0
       1
       1
       2
       1
       3
       1
       2
       0
       2
       1
       0
       1
       1
       0
       0
       3
       1
       1
       0
       2
       2
       1
       0
       2
       1
       0
       0
       0
       0
       3
       0
       1
       0
       3
       1
       3
       1
       1
       1
       2
       0
       1
       0
       3
       0
       3
       3
       0
       2
       1
       2
       0
       1
       0
       2
       2
       2
       2
       0
       0
       1
       0
       3
       3
       4
       1
       0
       4
       3
       2
       4
       0
       3
       3
       0
       2
       2
       1
       0
       3
       2
       1
       0
       0
       2
       0
       0
       0
       2
       0
       0
       1
       0
       0
       1
       0
       0
       0
       0
       0
       1
       0
       3
       1
       1
       1
       2
       3
       1
       1
       0
       2
       3
       1
       1
       2
       2
       2
       2
       2
       1
       2
       0
       1
       1
       1
       3
       2
       1
       2
       1
       1
       3
       0
       1
       0
       4
       1
       0
       2
       0
       1
       1
       1
       1
       0
       1
       0
       0
       2
       0
       1
       1
       0
       0
       2
       0
       0
       0
       2
       0
       2
       2
       0
       0
       0
       3
       1
       1
       1
       0
       2
       1
       0
       0
       1
       1
       1
       0
       2
       0
       2
       0
       0
       4
       0
       0
       0
       1
       1
       2
       2
       1
       1
       1
       1
       1
       2
       5
       0
       0
       4
       3
       2
       1
       3
       3
       4
       1
       1
       0
       0
       3
       0
       1
       2
       1
       2
       2
       0
       1
       0
       3
       0
       0
       1
       0
       0
       1
       0
       3
       2
       1
       1
       1
       1
       3
       1
       2
       1
       0
       0
       0
       0
       2
       1
       2
       0
       1
       1
       2
       0
       0
       1
       0
       1
       1
       0
       1
       1
       0
       1
       1
       0
       2
       3
       2
       1
       0
       0
       2
       4
       0
       1
       0
       1
       1
       0
       1
       0
       0
       1
       3
       1
       0
       1
       3
       0
       0
       2
       1
       0
       1
       0
       0
       2
       0
       3
       1
       2
       0
       2
       2
       1
       2
       1
       2
       0
       1
       0
       0
       1
       0
       1
       0
       1
       0
       2
       1
       0
       0
       1
       1
       3
       1
       1
       1
       2
       0
       0
       1
       1
       1
       1
       1
       1
       0
       1
       3
       1
       0
       0
       3
       0
       0
       3
       1
       0
       2
       2
       0
       0
       0
       0
       0
       0
       2
       1
       1
       1
       1
       1
       1
       0
       2
       1
       0
       1
       2
       0
       2
       1
       1
       2
       1
       0
       2
       1
       0
       3
       1
       2
       0
       1
       1
       0
       1
       1
       0
       1
       0
       0
       0
       1
       2
       0
       1
       3
       1
       0
       3
       3
       0
       3
       0
       0
       0
       1
       3
       1
       0
       1
       0
       0
       2
       2
       0
       3
       2
       0
       0
       0
       2
       1
       2
       1
       4
       2
       0
       0
       0
       0
       2
       1
       1
       2
       0
       0
       1
       0
       1
       3
       1
       1
       0
       2
       0
       0
       1
       0
       1
       2
       3
       1
       0
       1
       0
       0
       0
       1
       0
       1
       2
       2
       0
       0
       0
       2
       2
       0
       3
       1
       1
       1
       0
       1
       0
       2
       1
       1
       0
       0
       1
       0
       0
       0
       1
       0
       2
       0
       0
       0
       1
       1
       3
       1
       2
       1
       0
       1
       0
       1
       1
       2
       2
       1
       2
       0
       0
       0
       1
       1
       0
       1
       1
       0
       0
       1
       0
       2
       1
       1
       0
       0
       1
       2
       2
       3
       2
       0
       1
       0
       1
       0
       1
       1
       2
       2
       0
       1
       2
       1
       1
       0
       0
       0
       2
       0
       0
       0
       0
       0
       1
       1
       2
       1
       1
       0
       1
       1
       2
       3
       1
       2
       2
       0
       2
       1
       2
       0
       0
       3
       0
       0
       1
       0
       1
       0
       1
       0
       0
       1
       1
       1
       2
       0
       2
       1
       0
       0
       0
       2
       1
       2
       2
       0
       1
       0
       3
       0
       0
       3
       1
       1
       1
       0
       1
       2
       1
       0
       2
       0
       0
       1
       2
       0
       1
       3
       0
       0
       2
       1
       1
       0
       1
       0
       1
       0
       3
       1
       0
       0
       2
       1
       0
       0
       1
       1
       0
       0
       1
       0
       0
       1
       0
       3
       1
       1
       1
       0
       2
       0
       0
       0
       0
       1
       1
       0
       2
       0
       0
       0
       1
       0
       1
       0
       0
       0
       0
       2
       0
       2
       2
       0
       1
       0
       0
       2
       0
       0
       0
       2
       1
       0
       2
       0
       1
       1
       1
       3
       0
       4
       1
       0
       0
       1
       1
       2
       3
       3
       1
       2
       1
       2
       0
       2
       0
       2
       0
       0
       1
       0
       1
       1
       0
       0
       1
       0
       0
       1
       1
       1
       0
       0
       2
       1
       0
       1
       0
       0
       1
       2
       0
       2
       1
       1
       1
       4
       2
       1
       1
       1
       0
       2
       0
       2
       0
       0
       0
       2
       1
       1
       0
       0
       1
       0
       0
       3
       3
       0
       1
       1
       2
       0
       1
       2
       0
       0
       0
       0
       2
       0
       0
       1
       1
       0
       1
       1
       2
       1
       0
       0
       0
       2
       1
       2
       2
       1
       1
       2
       0
       3
       3
       3
       1
       2
       3
       1
       2
       5
       3
       5
       3
       5
       3
       1
       4
       3
       4
       0
       3
       2
       3
       2
       1
       4
       2
       0
       1
       1
       4
       0
       0
       2
       3
       2
       0
       2
       1
       0
       0
       0
       1
       0
       0
       4
       1
       1
       0
       0
       2
       1
       2
       0
       1
       0
       1
       2
       1
       1
       0
       2
       1
       1
       1
       1
       1
       1
       1
       0
       1
       0
       2
       1
       1
       3
       1
       1
       0
       1
       0
       1
       1
       1
       1
       0
       2
       3
       0
       2
       2
       1
       1
       1
       2
       0
       1
       0
       0
       3
       1
       0
       0
       1
       1
       0
       0
       1
       0
       1
       0
       3
       1
       2
       0
       2
       1
       1
       1
       2
       1
       1
       0
       1
       1
       0
       0
       1
       2
       1
       0
       0
       0
       1
       0
       2
       2
       2
       0
       1
       2
       2
       0
       1
       0
       2
       3
       1
       2
       0
       2
       2
       3
       1
       3
       1
       1
       1
       3
       0
       0
       0
       4
       0
       0
       0
       0
       1
       0
       1
       1
       1
       1
       1
       1
       0
       0
       2
       1
       1
       0
       0
       0
       0
       0
       1
       1
       2
       0
       2
       1
       1
       2
       0
       0
       0
       1
       1
       1
       0
       0
       2
       1
       1
       1
       0
       0
       2
       0
       0
       0
       5
       0
       0
       1
       1
       2
       0
       0
       1
       0
       1
       0
       1
       0
       0
       0
       2
       1
       1
       0
       0
       1
       0
       0
       0
       1
       1
       0
       0
       3
       0
       2
       0
       1
       0
       2
       2
       0
       1
       1
       0
       0
       0
       0
       4
       0
       1
       3
       1
       0
       1
       0
       1
       1
       0
       0
       2
       0
       3
       0
       0
       3
       1
       1
       3
       0
       1
       2
       2
       0
       0
       2
       4
       1
       2
       1
       0
       0
       3
       1
       1
       1
       1
       2
       4
       0
       1
       3
       0
       2
       1
       1
       1
       1
       1
       0
       3
       0
       0
       1
       1
       1
       0
       0
       1
       1
       0
       1
       0
       0
       1
       0
       2
       0
       2
       5
       1
       0
       1
       2
       1
       2
       1
       2
       1
       0
       3
       1
       2
       1
       2
       3
       2
       1
       0
       0
       0
       3
       4
       2
       1
       0
       3
       3
       0
       1
       1
       2
       2
       1
       3
       2
       1
       1
       0
       1
       3
       2
       0
       0
       2
       0
       4
       1
       1
       1
       2
       2
       0
       1
       1
       2
       0
       0
       2
       0
       0
       1
       1
       4
       3
       2
       2
       0
       1
       2
       1
       1
       3
       3
       2
       2
       0
       2
       4
       2
       0
       0
       0
       0
       1
       2
       2
       0
       2
       0
       0
       0
       0
       0
       1
       1
       3
       0
       1
       0
       1
       1
       1
       1
       0
       2
       2
       3
       1
       1
       2
       1
       0
       4
       2
       1
       1
       4
       0
       0
       0
       0
       3
       0
       0
       1
       0
       2
       0
       1
       3
       2
       1
       1
       2
       0
       1
       1
       0
       0
       1
       1
       1
       2
       2
       1
       0
       2
       0
       0
       2
       2
       3
       2
       1
       2
       2
       4
       4
       3
       0
       1
       2
       1
       0
       2
       1
       2
       0
       2
       1
       1
       0
       0
       3
       0
       2
       1
       3
       0
       0
       0
       0
       0
       1
       0
       0
       2
       1
       0
       1
       1
       1
       2
       3
       0
       0
       1
       3
       0
       0
       0
       1
       0
       1
       0
       0
       0
       1
       2
       4
       3
       1
       0
       2
       1
       1
       0
       1
       3
       1
       2
       1
       1
       1
       0
       0
       0
       0
       1
       1
       0
       2
       1
       2
       1
       1
       0
       0
       2
       1
       0
       0
       0
       1
       0
       2
       2
       0
       2
       1
       2
       0
       1
       0
       0
       1
       1
       0
       0
       1
       0
       0
       0
       0
       0
       0
       1
       0
       0
       1
       0
       0
       1
       1
       2
       0
       1
       2
       0
       2
       0
       0
       0
       2
       2
       2
       0
       1
       1
       0
       0
       0
       2
       0
       1
       1
       1
       1
       0
       0
       3
       0
       0
       0
       0
       0
       1
       0
       1
       0
       0
       0
       2
       0
       0
       1
       1
       1
       2
       1
       2
       0
       1
       1
       0
       2
       2
       0
       0
       0
       0
       0
       1
       2
       1
       0
       1
       1
       0
       0
       0
       1
       1
       0
       1
       0
       0
       1
       1
       1
       0
       0
       1
       0
       0
       1
       1
       0
       0
       1
       2
       0
       1
       0
       2
       0
       0
       0
       0
       1
       0
       0
       0
       1
       0
       3
       0
       0
       0
       1
       1
       0
       0
       1
       1
       0
       0
       1
       1
       1
       0
       1
       2
       0
       1
       1
       0
       0
       0
       1
       1
       0
       1
       0
       0
       3
       0
       0
       0
       2
       1
       1
       1
       0
       0
       0
       1
       0
       1
       0
       0
       0
       1
       1
       0
       1
       0
       0
       0
       1
       0
       0
       0
       0
       0
       0
       0
       0
       3
       1
       1
       1
       0
       0
       0
       1
       3
       1
       0
       1
       1
       1
       1
       0
       0
       2
       1
       1
       0
       0
       0
       0
       0
       0
       1
       0
       1
       1
       1
       0
       1
       0
       0
       1
       1
       0
       0
       1
       1
       0
       0
       0
       0
       0
       1
       0
       0
       0
       1
       1
       2
       0
       0
       0
       0
       0
       1
       1
       0
       0
       0
       1
       0
       2
       0
       1
       2
       0
       0
       2
       1
       0
       0
       1
       1
       0
       1
       0
       0
       0
       1
       0
       0
       0
       2
       0
       2
       2
       0
       1
       0
       0
       0
       1
       1
       0
       2
       0
       1
       0
       1
       0
       0
       0
       0
       0
       1
       0
       0
       1
       1
       0
       0
       0
       0
       0
       1
       1
       0
       1
       2
       0
       1
       0
       0
       0
       0
       1
       0
       1
       0
       1
       1
       0
       1
       0
       2
       0
       0
       0
       0
       1
       0
       0
       0
       2
       1
       0
       0
       0
       0
       0
       1
       1
       0
       0
       0
       0
       0
       0
       1
       1
       2
       0
       0
       0
       0
       1
       1
       0
       2
       0
       0
       0
       0
       0
       0
       0
       0
       0
       2
       0
       0
       0
       1
       0
       2
       1
       0
       1
       1
       0
       0
       0
       0
       0
       0
       0
       0
       0
       1
       1
       0
       0
       2
       0
       2
       0
       0
       1
       0
       0
       0
       0
       0
       0
       0
       0
       0
       1
       0
       0
       0
       1
       0
       0
       0
       0
       0
       0
       2
       2
       0
       0
       1
       0
       0
       1
       0
       0
       0
       0
       0
       0
       1
       3
       0
       1
       0
       1
       0
       0
       0
       1
       1
       0
       1
       0
       0
       0
       0
       0
       0
       0
       0
       1
       1
       1
       0
       0
       3
       0
       3
       1
       0
       0
       2
       0
       1
       1
       1
       0
       0
       0
       1
       0
       0
       0
       1
       1
       0
       0
       0
       0
       1
       0
       0
       0
       0
       0
       0
       0
       0
       0
       0
       0
       0
       0
       0
       0
       0
       0
       0
       2
       0
       0
       0
       0
       0
       0
       0
       0
       3
       0
       0
       0
       0
       1
       0
       0
       0
       0
       0
       0
       1
       0
       0
       0
       0
       0
       0
       0
       0
       0
       1
       1
       0
       0
       0
       0
       0
       0
       1
       0
       0
       1
       0
       0
       1
       0
       0
       1
       1
       0
       0
       1
       0
       1
       1
       0
       0
       0
       0
       0
       1
       0
       0
       1
       2
       0
       1
       0
       0
       0
       3
       0
       1
       0
       0
       0
       1
       0
       1
       1
       0
       0
       0
       0
       0
       1
       0
       0
       0
       0
       0
       0
       2
       0
       0
       0
       0
       0
       2
       0
       0
       0
       1
       0
       0
       0
       0
       0
       0
       1
       0
       0
       0
       0
       0
       0
       0
       0
       3
       0
       0
       1
       1
       0
       0
       0
       0
       0
       0
       0
       0
       0
       0
       0
       0
       1
       0
       0
       0
       0
       0
       0
       0
       0
       0
       0
       1
       0
       0
       0
       0
       0
       0
       1
       0
       1
       0
       0
       0
       0
       1
       0
       0
       1
       0
       1
       0
       0
       0
       0
       0
       0
       0
       0
       0
       1
       0
       0
       1
       0
       0
       1
       0
       0
       0
       1
       0
       0
       0
       0
       0
       1
       0
       0
       0
       0
       0
       0
       0
       1
       0
       2
       0
       0
       0
       0
       0
       0
       0
       1
       0
       0
       1
       1
       0
       0
       0
       0
       0
       0
       1
       0
       0
       0
       0
       1
       0
       0
       1
       0
       0
       0
       0
       0
       0
       0
       0
       0
       2
       1
       1
       0
       1
       0
       1
       0
       0
       0
       0
       0
       0
       0
       0
       0
       0
       0
       0
       0
       0
       0
       0
       1
       4
       0
       0
       1
       0
       0
       0
       0
       0
       3
       3
       4
       8
      12
       4
       5
       8
      12
      19
      21
      21
      23
      21
      19
      14
      30
      17
      26
      15
      18
      16
      12
       7
       4
       5
       5
       3
       2
       1
       2
       1
       0
       1
       0
       0
       0
       0
       0
       1
       0
       0
       0
       0
       1
       0
       0
       0
       0
       0
       0
       0
       0
       0
       1
       0
       0
       0
       0
       1
       0
       0
       0
       0
       1
       0
       0
       0
       0
       0
       0
       0
       1
       0
       1
       0
       1
       0
       1
       0
       0
       0
       0
       1
       0
       1
       0
       0
       0
       0
       0
       1
       0
       0
       0
       0
       0
       0
       0
       0
       0
       0
       1
       0
       0
       0
       0
       0
       0
       0
       0
       0
       0
       1
       0
       1
       0
       0
       0
       0
       1
       0
       0
       0
       0
       0
       0
       0
       0
       1
       0
       0
       1
       1
       0
       0
       0
       0
       0
       0
       0
       1
       0
       0
       0
       0
       0
       0
       1
       0
       0
       0
       0
       0
       1
       0
       0
       0
       0
       0
       1
       0
       0
       1
       0
       0
       0
       0
       0
       0
       2
       0
       1
       0
       0
       0
       0
       0
       0
       0
       0
       1
       0
       0
       1
       0
       0
       0
       0
       0
       0
       0
       0
       1
       0
       0
       1
       0
       1
       1
       0
       1
       1
       1
       2
       0
       0
       0
       1
       0
       0
       0
       1
       0
       0
       2
       0
       0
       0
       0
       0
       1
       0
       0
       0
       0
       0
       0
       1
       0
       0
       0
       1
       0
       0
       0
       0
       0
       0
       0
       0
       1
       0
       0
       0
       0
       0
       0
       0
       0
       1
       0
       0
       0
       0
       0
       0
       0
       0
       0
       0
       0
       0
       1
       0
       0
       0
       0
       0
       0
       0
       0
       0
       0
       0
       0
       0
       0
       0
       0
       0
       0
       1
       1
       0
       0
       0
       0
       1
       0
       0
       1
       0
       1
       0
       0
       0
       0
       0
       0
       1
       1
       0
       0
       0
       0
       1
       0
       0
       2
       0
       2
       0
       1
       0
       0
       0
       0
       0
       1
       0
       2
       0
       1
       1
       0
       0
       0
       0
       0
       0
       1
       0
       1
       0
       0
       0
       0
       1
       0
       0
       0
       0
       0
       0
       0
       0
       0
       0
       0
       0
       0
       0
       0
       0
       0
       1
       0
       0
       1
       0
       0
       0
       0
       0
       0
       0
       0
       0
       0
       1
       0
       2
       0
       0
       0
       1
       0
       0
       0
       0
       0
       0
       0
       1
       0
       1
       0
       0
       1
       0
       0
       0
       0
       0
       0
       0
       0
       0
       0
       0
       0
       0
       0
       1
       0
       0
       0
       0
       0
       0
       0
       0
       0
       0
       0
       0
       0
       0
       0
       0
       0
       1
       0
       0
       0
       0
       0
       0
       1
       0
       0
       0
       1
       0
       0
       0
       1
       0
       0
       0
       0
       0
       0
       0
       0
       0
       0
       0
       0
       0
       0
       0
       0
       0
       0
       0
       0
       0
       0
       0
       0
       0
       0
       0
       1
       1
       0
       0
       1
       0
       0
       0
       0
       1
       0
       0
       1
       0
       0
       0
       0
       1
       0
       0
       1
       0
       1
       0
       0
       0
       0
       0
       0
       0
       0
       0
       1
       0
       0
       0
       0
       0
       0
       0
       0
       0
       0
       1
       0
       0
       0
       0
       1
       1
       1
       0
       0
       0
       0
       0
       0
       0
       0
       0
       1
       1
       1
       0
       0
       1
       1
       1
       2
       0
       1
       2
       0
       0
       1
       0
       0
       0
       0
       0
       0
       1
       0
       0
       0
       0
       0
       0
       0
       0
       1
       0
       0
       0
       0
       0
       0
       0
       0
       0
       0
       0
       0
       0
       0
       0
       0
       1
       0
       0
       0
       0
       1
       0
       0
       1
       0
       0
       0
       0
       0
       0
       1
       0
       0
       0
       0
       0
       0
       0
       0
       0
       0
       0
       0
       0
       0
       0
       0
       0
       0
       0
       0
       1
       0
       0
       0
       0
       0
       0
       0
       0
       1
       0
       0
       0
       0
       0
       0
       0
       0
       0
       0
       0
       0
       1
       0
       0
       2
       0
       0
       0
       0
       0
       0
       0
       0
       0
       0
       0
       0
       1
       0
       0
       0
       0
       0
       0
       0
       0
       0
       0
       0
       1
       0
       0
       0
       0
       0
       1
       0
       0
       0
       1
       0
       0
       0
       2
       0
       0
       0
       0
       0
       1
       0
       1
       0
       0
       0
       0
       0
       0
       0
       2
       1
       0
       0
       0
       0
       0
       0
       0
       0
       1
       0
       1
       0
       0
       0
       0
       0
       1
       0
       0
       0
       1
       1
       0
       1
       0
       0
       0
       0
       0
       0
       0
       0
       0
       0
       1
       0
       0
       1
       0
       0
       0
       0
       0
       0
       0
       2
       0
       0
       0
       0
       1
       0
       0
       1
       1
       0
       0
       0
       0
       0
       0
       0
       0
       0
       0
       0
       0
       0
       0
       0
       0
       0
       0
       0
       0
       0
       0
       2
       0
       0
       0
       0
       0
       0
       0
       0
       0
       0
       0
       0
       0
       0
       0
       2
       0
       0
       0
       0
       0
       0
       0
       0
       0
       0
       0
       0
       2
       0
       0
       1
       0
       1
       0
       0
       1
       0
       0
       0
       0
       0
       1
       2
       0
       1
       0
       1
       0
       0
       1
       1
       0
       1
       0
       0
       0
       0
       0
       0
       0
       0
       0
       0
       0
       0
       0
       0
       0
       0
       0
       0
       0
       0
       0
       0
       0
       0
       0
       0
       0
       1
       0
       0
       0
       0
       0
       0
       0
       0
       0
       0
       0
       0
       0
       0
       0
       0
       0
       0
       0
       0
       0
       1
       0
       0
       0
       0
       0
       0
       0
       0
       0
       0
       0
       0
       0
       1
       0
       1
       0
       0
       0
       0
       0
       0
       0
       0
       0
       0
       0
       0
       0
       0
       0
       0
       0
       1
       0
       0
       1
       0
       0
       0
       0
       0
       0
       0
       0
       0
       0
       0
       0
       0
       0
       0
       0
       0
       0
       0
       0
       0
       0
       0
       0
       0
       0
       0
       0
       0
       1
       1
       0
       0
       0
       0
       0
       0
       0
       0
       0
       0
       0
       0
       1
       1
       0
       0
       0
       1
       0
       0
       0
       0
       0
       0
       0
       0
       1
       0
       0
       0
       1
       0
       0
       0
       1
       0
       0
       0
       0
       0
       0
       1
       0
       0
       1
       0
       0
       0
       0
       0
       0
       0
       0
       0
       0
       0
       0
       0
       0
       0
       0
       0
       0
       0
       0
       0
       0
       0
       0
       1
       0
       0
       0
       0
       0
       0
       1
       1
       0
       0
       0
       0
       0
       0
       2
       0
       0
       0
       0
       0
       0
       0
       0
       0
       0
       0
       0
       0
       0
       0
       0
       0
       0
       0
       0
       0
       0
       0
       0
       1
       0
       0
       0
       0
       0
       0
       0
       0
       0
       0
       0
       0
       0
       0
       0
       0
       0
       0
       0
       0
       0
       0
       0
       0
       1
       0
       0
       0
       0
       1
       0
       0
       2
       0
       0
       1
       0
       0
       0
       2
       0
       2
       0
       0
       0
       0
       0
       0
       0
       0
       0
       1
       0
       0
       0
       0
       0
       0
       0
       0
       0
       0
       0
       0
       0
       0
       0
       0
       0
       0
       0
       0
       0
       0
       0
       0
       0
       0
       0
       0
       1
       0
       1
       0
       0
       1
       0
       0
       0
       0
       0
       0
       0
       0
       0
       0
       0
       0
       0
       0
       0
       0
       0
       0
       0
       0
       0
       1
       0
       2
       0
       1
       0
       0
       1
       0
       0
       0
       0
       0
       0
       0
       0
       0
       0
       0
       0
       0
       0
       0
       0
       0
       0
       0
       0
       1
       0
       0
       0
       0
       0
       0
       0
       0
       0
       0
       0
       0
       0
       0
       1
       0
       0
       0
       0
       0
       0
       0
       0
       2
       1
       1
       2
       0
       1
       5
       0
       2
       1
       2
       4
       0
       0
       0
       1
       5
       2
       1
       0
       1
       2
       0
       0
       2
       1
       0
       0
       0
       0
       0
       0
       0
       0
       0
       0
       0
       0
       0
       0
       0
       1
       0
       0
       0
       0
       0
       0
       0
       0
       0
       0
       1
       0
       0
       0
       0
       0
       0
       0
       0
       1
       0
       0
       0
       0
       0
       0
       0
       0
       0
       0
       0
       0
       0
       0
       0
       0
       0
       0
       0
       0
       0
       1
       1
       0
       0
       1
       0
       0
       0
       0
       0
       0
       1
       0
       0
       0
       0
       0
       0
       0
       0
       0
       0
       0
       0
       0
       0
       0
       0
       0
       1
       0
       0
       0
       1
       0
       0
       0
       0
       1
       0
       0
       0
       0
       0
       0
       1
       0
       0
       0
       0
       0
       0
       1
       0
       0
       0
       0
       0
       0
       0
       0
       1
       0
       0
       0
       1
       0
       0
       0
       0
       0
       0
       0
       0
       0
       0
       0
       0
       0
       0
       0
       0
       0
       1
       0
       0
       0
       0
       0
       1
       0
       0
       0
       0
       0
       0
       1
       0
       0
       0
       0
       1
       0
       0
       0
       0
       0
       0
       0
       1
       0
       0
       0
       0
       0
       0
       1
       0
       0
       0
       0
       0
       0
       0
       0
       0
       0
       0
       0
       0
       0
       0
       0
       0
       0
       0
       0
       0
       0
       0
       0
       1
       0
       0
       0
       0
       0
       0
       0
       0
       1
       0
       0
       0
       0
       0
       0
       0
       0
       1
       0
       1
       0
       0
       0
       0
       0
       0
       0
       0
       0
       0
       0
       0
       0
       0
       0
       0
       0
       0
       0
       0
       0
       0
       0
       0
       0
       0
       1
       0
       0
       0
       0
       0
       0
       0
       0
       0
       0
       0
       0
       0
       0
       0
       0
       0
       0
       0
       0
       0
       0
       0
       0
       0
       0
       2
       0
       0
       0
       0
       0
       1
       0
       0
       0
       0
       0
       0
       0
       0
       0
       0
       0
       0
       0
       0
       0
       0
       0
       0
       0
       0
       0
       0
       0
       0
       0
       0
       0
       1
       0
       0
       0
       0
       0
       0
       0
       0
       0
       0
       1
       0
       0
       0
       0
       1
       0
       0
       0
       0
       0
       0
       0
       0
       0
       0
       0
       0
       0
       0
       0
       0
       0
       1
       0
       0
       0
       0
       0
       0
       0
       1
       1
       0
       0
       0
       1
       0
       0
       0
       0
       0
       0
       0
       0
       0
       0
       0
       0
       0
       0
       0
       0
       0
       1
       0
       0
       0
       0
       0
       0
       0
       0
       0
       0
       0
       0
       0
       0
       0
       1
       0
       0
       0
       0
       0
       0
       0
       0
       0
       0
       0
       0
       0
       0
       1
       0
       0
       0
       0
       0
       0
       0
       0
       0
       0
       0
       0
       0
       1
       1
       0
       0
       1
       0
       0
       0
       0
       0
       0
       0
       2
       0
       0
       1
       0
       0
       0
       1
       0
       0
       0
       0
       1
       0
       1
       0
       0
       0
       0
       1
       0
       0
       1
       0
       0
       0
       0
       0
       0
       0
       0
       0
       0
       1
       1
       0
       0
       0
       0
       0
       0
       0
       0
       1
       0
       0
       0
       0
       1
       0
       0
       0
       0
       0
       0
       0
       0
       0
       0
       2
       0
       1
       0
       0
       0
       0
       0
       0
       0
       0
       0
       0
       0
       0
       0
       1
       0
       0
       0
       1
       0
       0
       0
       0
       0
       0
       0
       0
       0
       0
       0
       0
       0
       0
       0
       0
       0
       0
       0
       0
       0
       0
       1
       0
       0
       0
       0
       0
       0
       0
       0
       0
       0
       0
       0
       1
       0
       0
       0
       0
       0
       0
       0
       0
       1
       0
       0
       1
       0
       0
       0
       0
       0
       0
       0
       0
       0
       0
       0
       0
       0
       0
       0
       0
       0
       0
       1
       0
       0
       0
       0
       0
       0
       0
       0
       0
       0
       1
       0
       0
       0
       0
       0
       0
       1
       0
       0
       0
       0
       0
       0
       0
       0
       0
       0
       0
       0
       0
       0
       0
       0
       0
       0
       0
       0
       0
       0
       0
       0
       0
       0
       0
       0
       0
       0
       0
       0
       1
       0
       1
       0
       1
       0
       0
       1
       0
       0
       0
       0
       0
       0
       0
       0
       0
       0
       1
       0
       0
       0
       0
       0
       0
       0
       0
       1
       0
       0
       0
       0
       0
       0
       1
       0
       1
       0
       0
       0
       0
       0
       0
       0
       0
       0
       0
       0
       0
       0
       0
       0
       0
       0
       0
       0
       0
       0
       0
       0
       0
       0
       0
       1
       0
       0
       1
       0
       1
       0
       0
       0
       0
       0
       0
       0
       0
       0
       0
       0
       0
       0
       0
       0
       0
       0
       0
       0
       0
       0
       0
       0
       1
       0
       0
       0
       0
       0
       0
       0
       0
       0
       0
       1
       1
       0
       0
       0
       0
       0
       0
       0
       0
       0
       0
       0
       0
       0
       0
       0
       0
       0
       0
       0
       0
       0
       0
       0
       0
       0
       0
       0
       0
       0
       0
       0
       0
       0
       0
       0
       0
       0
       0
       0
       0
       0
       1
       0
       0
       0
       0
       0
       0
       0
       0
       0
       1
       0
       0
       0
       0
       0
       0
       1
       0
       0
       0
       0
       1
       0
       0
       0
       0
       0
       0
       0
       0
       0
       0
       0
       0
       0
       0
       0
       0
       0
       0
       0
       0
       1
       0
       1
       0
       0
       0
       0
       0
       1
       0
       0
       0
       0
       0
       0
       0
       0
       0
       1
       0
       0
       0
       0
       0
       0
       0
       0
       0
       0
       1
       0
       0
       1
       0
       0
       1
       0
       0
       0
       0
       0
       0
       0
       0
       0
       0
       0
       0
       0
       1
       0
       1
       0
       0
       0
       0
       2
       0
       0
       0
       0
       0
       0
       0
       0
       0
       0
       0
       0
       0
       0
       1
       0
       0
       0
       0
       0
       0
       0
       0
       0
       0
       0
       0
       0
       0
       0
       0
       0
       0
       0
       0
       0
       0
       0
       0
       1
       0
       0
       0
       0
       0
       0
       0
       1
       0
       0
       0
       0
       0
       0
       0
       0
       0
       0
       0
       0
       0
       0
       0
       0
       0
       0
       0
       0
       0
       0
       1
       0
       0
       0
       0
       0
       0
       0
       0
       0
       0
       0
       0
       0
       0
       0
       0
       0
       0
       0
       0
       0
       0
       0
       0
       0
       0
       0
       0
       0
       1
       0
       0
       0
       0
       0
       0
       1
       0
       0
       0
       0
       0
       0
       0
       0
       0
       0
       0
       0
       0
       0
       0
       1
       0
       0
       0
       0
       0
       0
       0
       1
       0
       0
       0
       0
       0
       0
       0
       0
       0
       0
       0
       0
       0
       0
       0
       0
       0
       0
       0
       0
       0
       0
       0
       0
       0
       0
       0
       0
       0
       0
       0
       0
       0
       1
       0
       0
       1
       0
       0
       0
       0
       0
       0
       0
       0
       0
       0
       0
       0
       0
       0
       0
       0
       0
       0
       0
       0
       0
       0
       0
       0
       0
       0
       0
       0
       0
       0
       0
       0
       0
       0
       0
       0
       0
       0
       0
       0
       0
       0
       0
       0
       0
       0
       0
       0
       0
       0
       0
       0
       0
       0
       0
       0
       0
       0
       0
       0
       0
       0
       0
       0
       0
       0
       0
       0
       0
       0
       0
       1
       0
       0
       0
       0
       0
       0
       0
       0
       1
       1
       0
       0
       0
       0
       0
       0
       0
       0
       0
       0
       2
       0
       1
       0
       0
       1
       0
       0
       0
       0
       0
       0
       0
       0
       0
       0
       1
       0
       1
       0
       0
       1
       0
       0
       0
       0
       0
       0
       0
       0
       0
       0
       0
       0
       0
       0
       0
       0
       0
       0
       0
$ROI:
4
1378 1451
2561 2692
4616 4696
5236 5352
$PRESETS:
None
0
0
$ENER_FIT:
0.000000 0.252102
$MCA_CAL:
3
0.000000E+000 2.521022E-001 0.000000E+000 keV
$SHAPE_CAL:
3
1.531186E+001 0.000000E+000 0.000000E+000
