$SPEC_ID:
No sample description was entered.
$SPEC_REM:
DET# 1
DETDESC# SPACESCIENCE4 digiBASE-RH SN 15121435
AP# Maestro Version 7.01
$DATE_MEA:
09/27/2024 11:13:05
$MEAS_TIM:
3443 3449
$DATA:
0 1023
       0
       0
       0
       0
       0
    2233
    6772
    4525
    3678
    4930
    8533
   15078
   24381
   34895
   43194
   46174
   43913
   36926
   27905
   19215
   12814
    8609
    6292
    5340
    5286
    5359
    5630
    5983
    6446
    6990
    7415
    8300
    9119
   10544
   11511
   12922
   14325
   15478
   16009
   16035
   15754
   14559
   13399
   11859
   10151
    8918
    7680
    6887
    6390
    5811
    5420
    5255
    5265
    5245
    5069
    5176
    5073
    5033
    4974
    5018
    5033
    5063
    5167
    5197
    5121
    5195
    5208
    5241
    5314
    5287
    5432
    5301
    5152
    5252
    5144
    5083
    5276
    5057
    4856
    4938
    4814
    4866
    4616
    4534
    4587
    4434
    4362
    4203
    4098
    3993
    3953
    3768
    3778
    3708
    3497
    3389
    3394
    3265
    3259
    3092
    3101
    3038
    2914
    2718
    2782
    2729
    2729
    2711
    2669
    2758
    2662
    2616
    2536
    2637
    2709
    2681
    2660
    2700
    2816
    2965
    2867
    2965
    3131
    3218
    3241
    3384
    3491
    3587
    3467
    3583
    3645
    3860
    3676
    3688
    3725
    3757
    3790
    3737
    3779
    3685
    3675
    3737
    3751
    3826
    3976
    4053
    4210
    4393
    4609
    4727
    4964
    5187
    5185
    5352
    5667
    5732
    5921
    5857
    5844
    5909
    5739
    5742
    5544
    5355
    5130
    4995
    4770
    4490
    4193
    3884
    3664
    3306
    3114
    2845
    2744
    2441
    2243
    2106
    1888
    1705
    1610
    1363
    1374
    1224
    1149
    1021
     963
     874
     837
     763
     663
     658
     644
     577
     513
     496
     459
     434
     420
     412
     418
     404
     381
     320
     319
     319
     285
     280
     265
     250
     251
     218
     212
     230
     203
     233
     213
     215
     205
     168
     215
     201
     192
     177
     171
     179
     166
     175
     189
     160
     164
     148
     153
     176
     183
     168
     161
     149
     145
     134
     151
     159
     136
     123
     154
     148
     148
     147
     139
     159
     153
     123
     159
     150
     137
     131
     152
     128
     164
     140
     120
     144
     175
     151
     147
     152
     146
     126
     158
     143
     127
     138
     130
     111
     108
     121
     109
     103
     133
      97
     126
     119
      87
     118
      94
     126
     105
     103
     114
     106
     102
     116
     106
     103
      98
     108
      99
     114
     103
      89
      81
      93
      95
      84
      81
      87
      97
      73
      73
      89
      84
     110
      80
      86
      79
      90
      98
      80
      67
      72
      80
      84
      68
      60
      81
      67
      65
      82
      70
      61
      69
      66
      76
      74
      82
      69
      79
      66
      61
      62
      73
      64
      66
      67
      54
      81
      70
      66
      46
      72
      66
      69
      62
      57
      49
      66
      65
      67
      59
      60
      76
      60
      64
      62
      60
      54
      74
      57
      61
      69
      49
      71
      69
      53
      61
      57
      48
      65
      54
      64
      61
      68
      75
      53
      67
      58
      61
      55
      61
      54
      64
      58
      56
      52
      47
      44
      67
      47
      50
      60
      60
      50
      63
      68
      49
      61
      57
      64
      55
      54
      58
      47
      58
      46
      54
      54
      55
      63
      54
      47
      50
      66
      53
      50
      46
      51
      41
      45
      43
      47
      43
      50
      61
      52
      49
      50
      50
      51
      44
      45
      38
      40
      45
      32
      48
      47
      49
      36
      51
      46
      40
      46
      47
      48
      43
      57
      47
      52
      34
      43
      39
      43
      43
      50
      42
      43
      44
      48
      41
      48
      57
      42
      51
      47
      44
      44
      35
      39
      43
      46
      41
      34
      47
      49
      43
      39
      53
      44
      37
      37
      47
      36
      39
      49
      40
      38
      37
      45
      42
      35
      40
      45
      45
      42
      33
      57
      34
      33
      22
      34
      31
      34
      20
      37
      34
      29
      29
      30
      30
      35
      36
      25
      32
      29
      32
      27
      36
      29
      29
      47
      27
      25
      34
      32
      25
      27
      28
      27
      33
      34
      28
      22
      28
      29
      32
      24
      33
      23
      43
      23
      21
      23
      29
      32
      13
      31
      20
      26
      30
      23
      27
      23
      22
      31
      31
      31
      29
      29
      19
      24
      31
      24
      30
      29
      27
      29
      16
      26
      25
      22
      34
      28
      23
      34
      27
      39
      22
      30
      40
      24
      33
      32
      28
      28
      35
      41
      30
      36
      33
      42
      31
      38
      29
      29
      31
      37
      38
      28
      31
      53
      31
      36
      27
      30
      26
      41
      36
      27
      39
      41
      46
      36
      35
      31
      27
      42
      26
      23
      51
      29
      28
      33
      27
      27
      29
      30
      27
      25
      29
      24
      25
      20
      30
      19
      26
      24
      24
      24
      23
      29
      33
      19
      15
      13
      19
      23
      23
      21
      20
      21
      27
      26
      18
      21
      15
      17
       8
      14
      18
      17
      16
      14
      16
      17
      15
      16
      16
      14
      13
      20
      14
      16
       8
      17
      12
      16
      16
      17
      18
      17
      14
      17
      13
      13
       9
      18
      16
      15
      13
       9
      16
      18
      13
      16
      15
      13
       9
      14
      13
      13
      15
      11
      13
      14
      14
      10
      12
      15
      13
       8
       6
      17
       8
      11
      17
      10
      13
      15
       9
      11
       9
      10
      10
      14
       7
      12
       9
      15
      17
       8
      11
      12
      13
      18
      11
       9
      10
       9
       9
      10
      11
      14
      11
       8
      11
       8
       5
       3
       9
       7
       5
      12
       8
      11
      12
       6
      11
       4
       8
       8
       6
       9
       9
      10
       9
       7
       6
      13
      12
       5
      11
       9
       7
       3
       5
       5
       4
       8
       6
       5
       4
       7
       9
       6
       8
       5
       7
       8
       9
       8
       4
       9
       4
       8
       0
       3
       7
       4
       2
       3
       5
       7
       9
       6
       3
       5
       7
       4
      10
       8
       2
       2
      11
       8
       8
       6
       5
       9
       4
      10
       6
       0
       6
       2
       1
       5
       5
      10
       2
      10
       8
       2
       7
       4
       7
       6
       4
       5
       7
       8
       3
       5
       3
       4
       6
       1
       7
       8
       2
       0
       7
       9
       3
       8
       7
       3
       6
       7
       2
       6
       2
       6
       4
       4
       5
      10
       8
       6
       3
       5
       3
       7
       4
       3
       6
       5
       5
       1
       3
       6
       4
       4
       5
       6
       1
       9
       7
       7
       3
       6
       4
       4
       5
       5
       7
       2
       2
       5
       1
       8
       3
       5
       3
       3
       6
       6
       2
       4
       3
       3
       7
       3
       0
       2
       3
       3
       2
       3
       6
       0
       1
       4
       6
       4
       6
       3
       2
       1
       1
       4
       6
       6
       3
       3
       4
       2
       3
       0
       4
       4
       6
       4
       2
       3
       6
       4
       2
       3
       1
       2
       2
       2
       3
       4
       2
       1
       6
       4
       7
       2
       6
       2
       3
       5
       0
       4
       0
       2
       6
       2
       1
       2
       3
       2
       1
       2
       3
       3
       2
       2
       2
       2
       3
       2
       1
       2
       6
       0
       2
       1
       1
       2
       2
       5
       1
       3
       3
       1
       1
       2
       0
       1
       2
       1
       0
       3
       4
       2
       2
       6
       4
       3
       4
       4
$ROI:
0
$PRESETS:
None
0
0
$ENER_FIT:
0.000000 2.163128
$MCA_CAL:
3
0.000000E+000 2.163128E+000 0.000000E+000 keV
$SHAPE_CAL:
3
3.599727E+001 0.000000E+000 0.000000E+000
