$SPEC_ID:
No sample description was entered.
$SPEC_REM:
DET# 1
DETDESC# SPACESCIENCE7 digiBASE-RH SN 15121435
AP# Maestro Version 7.01
$DATE_MEA:
09/22/2020 14:20:04
$MEAS_TIM:
300 301
$DATA:
0 1023
       0
       0
       0
       0
     447
    1666
     958
     602
     539
     691
    1088
    1701
    2574
    3637
    4390
    5088
    5395
    5445
    5529
    5841
    6286
    6679
    7189
    7542
    7300
    6744
    5861
    5021
    3836
    3010
    2287
    1987
    1820
    1927
    2136
    2474
    3063
    3676
    4582
    5887
    7281
    9062
   10555
   12630
   14459
   16097
   17400
   18454
   18427
   17489
   16199
   14310
   12325
    9905
    7884
    5972
    4364
    3073
    2147
    1466
     977
     698
     478
     372
     296
     289
     243
     222
     211
     217
     226
     212
     236
     209
     230
     252
     227
     258
     241
     208
     238
     212
     210
     217
     191
     192
     182
     214
     201
     189
     216
     210
     188
     173
     165
     179
     152
     173
     192
     192
     179
     158
     156
     166
     149
     164
     127
     158
     149
     133
     140
     130
     135
     142
     134
     143
     112
     123
     116
     138
     128
     133
     112
     122
     106
     116
     113
     112
     121
     101
     107
     103
     104
     101
      96
      85
      98
      97
      91
     101
     116
     110
      94
     103
     103
     107
      80
     115
      93
      92
      80
      98
      83
      82
      74
      92
      96
      66
      77
      90
      68
      77
      91
      79
      80
      79
      80
      77
      62
      65
      81
      76
      69
      66
      84
      78
      52
      74
      69
      68
      63
      57
      79
      50
      71
      58
      61
      63
      57
      70
      52
      59
      63
      70
      66
      61
      53
      58
      61
      31
      47
      48
      43
      49
      43
      30
      46
      39
      54
      57
      50
      33
      40
      36
      44
      58
      41
      44
      49
      39
      35
      40
      40
      30
      34
      37
      42
      22
      23
      36
      35
      34
      43
      38
      28
      28
      42
      32
      39
      33
      37
      40
      28
      32
      31
      24
      38
      35
      31
      26
      27
      35
      31
      27
      29
      34
      37
      28
      27
      24
      31
      33
      35
      29
      27
      19
      19
      30
      26
      16
      25
      23
      22
      25
      18
      27
      28
      15
      35
      18
      15
      23
      27
      18
      25
      24
      22
      19
      22
      22
      27
      16
      30
      14
      22
      25
      19
      21
       7
      17
      22
      16
      13
      18
      15
      21
      17
      16
      17
      18
      23
      14
      15
      13
      13
       9
      21
      15
      14
      17
      12
      19
      13
      12
      13
      15
      20
      17
      16
      22
      18
      18
      12
      11
      16
      25
      16
      18
      18
      13
      12
      18
      12
      14
       9
      11
      12
      20
      16
      14
      13
      12
      12
      13
      20
      12
      10
      10
      16
      12
      15
      12
      11
       8
      12
      19
       6
      16
      18
      11
      15
      20
       8
      11
       8
       8
      14
       7
       6
      14
       8
      15
       8
       6
      18
      14
      16
       9
       9
       9
      14
       8
       9
      17
       9
      13
      14
      11
       7
       5
      14
      12
      10
      13
      11
      13
      16
       9
      10
      11
       9
      12
      11
      16
       8
      10
       8
      14
      10
      11
       6
       9
      11
      13
      10
      14
       7
      14
       9
      17
      15
      11
      13
      11
       9
       9
      14
       9
      10
       1
      11
      12
      10
      11
      10
       5
       3
      13
      11
       9
      10
      15
      10
       5
      17
       6
       7
       9
      11
       7
       6
       6
       8
       9
       8
       9
       2
       6
      10
      13
       6
       8
       9
       6
       8
      12
       7
       4
       8
       8
       6
       3
       9
       5
      12
       8
       4
       4
       9
       3
       7
       7
       4
      11
       3
       7
       6
       4
       2
       5
       9
       3
       7
       4
       5
       5
       3
       5
       6
       9
       2
       7
       4
       8
      11
       3
       9
       9
       4
       5
      11
      10
       8
       5
       5
       3
       3
      10
      13
       7
       6
       7
       3
       3
       6
       8
       5
       6
       4
       2
       8
       8
       3
       6
       7
      12
       5
       5
       7
       3
       5
       8
       4
       2
       4
       5
       8
       6
       7
       9
      11
       7
       3
      10
       8
       7
       7
       9
       3
       7
       6
       5
       7
       4
      10
       2
       6
       7
       7
       2
       6
       6
       2
       4
       3
       3
       3
       8
       5
       4
       4
       7
       9
       7
       5
       2
       4
       8
       5
       6
       6
       2
       5
       4
       8
       5
       5
       5
       3
       3
       3
       4
       8
       2
       3
       5
       5
      10
       4
       4
       5
       2
       8
       4
       4
       4
       4
       3
       6
       3
       4
       4
       8
       6
       3
       5
       8
       6
       5
       5
       4
       5
       3
       5
       3
       6
       5
       2
       1
       7
       3
       5
       5
       5
       9
       2
       3
       3
       5
       6
       4
       5
       4
       6
       4
       3
       5
       4
       1
       2
       3
       0
       6
       5
       2
       1
       5
       5
       3
       5
       3
       3
       4
       2
       5
       5
       5
       2
       6
       3
       3
       4
       3
       4
       5
       3
       4
       2
       3
       1
       5
       3
       2
       1
       3
       2
       1
       4
       3
       2
       2
       2
       3
       4
       4
       0
       8
       4
       0
       5
       3
       7
       4
       2
       1
       5
       5
       3
       5
       1
       5
       6
       2
       3
       3
       9
       2
       4
       2
       5
       2
       5
       2
       5
       3
       1
       5
       4
       4
       1
       1
       4
       1
       6
       2
       2
       2
       3
       0
       3
       4
       4
       4
       8
       5
       5
       3
       2
       4
       3
       2
       4
       3
       3
       3
       3
       7
       6
       5
       1
       6
       1
       4
       8
       4
       4
       3
       5
       4
       3
       2
       0
       5
       2
       2
       2
       4
       1
       3
       4
       2
       5
       2
       4
       2
       2
       4
       2
       2
       0
       2
       3
       1
       3
       3
       2
       2
       3
       1
       3
       2
       2
       7
       4
       2
       5
       3
       6
       3
       3
       2
       3
       2
       5
       4
       0
       4
       1
       2
       2
       2
       3
       5
       5
       4
       4
       1
       1
       2
       2
       4
       3
       2
       3
       7
       2
       0
       3
       3
       3
       1
       2
       2
       2
       2
       1
       1
       4
       4
       2
       2
       3
       5
       3
       2
       4
       5
       1
       1
       2
       0
       3
       1
       3
       2
       4
       0
       8
       4
       3
       3
       0
       1
       4
       2
       1
       3
       3
       3
       0
       0
       2
       2
       5
       2
       3
       1
       1
       2
       2
       2
       3
       0
       2
       1
       0
       2
       2
       1
       3
       2
       1
       3
       2
       0
       0
       2
       2
       4
       2
       3
       1
       2
       0
       0
       1
       2
       2
       1
       2
       2
       1
       4
       2
       3
       4
       2
       2
       0
       1
       1
       1
       2
       2
       1
       1
       2
       2
       5
       5
       1
       1
       2
       4
       1
       4
       3
       3
       5
       1
       6
       1
       3
       3
       3
       3
       3
       2
       4
       5
       3
       1
       1
       1
       3
       2
       3
       1
       2
       1
       3
       4
       4
       3
       7
       1
       3
       2
       5
       2
       4
       5
       3
       3
       2
       3
       3
       2
       2
       3
       3
       3
       3
       7
       1
       4
       4
       4
       3
       4
       3
       2
       2
       6
$ROI:
0
$PRESETS:
Live Time
300
0
$ENER_FIT:
0.000000 0.000000
$MCA_CAL:
3
0.000000E+000 0.000000E+000 0.000000E+000 
$SHAPE_CAL:
3
0.000000E+000 0.000000E+000 0.000000E+000
