$SPEC_ID:
No sample description was entered.
$SPEC_REM:
DET# 1
DETDESC# SPACESCIENCE7 digiBASE-RH SN 15121435
AP# Maestro Version 7.01
$DATE_MEA:
11/06/2020 16:01:28
$MEAS_TIM:
3000 3001
$DATA:
0 1023
       0
       0
       0
       0
    1539
    5221
    2620
    1224
     751
     541
     460
     436
     450
     504
     533
     605
     575
     634
     754
     714
     884
     957
    1022
    1099
    1024
    1029
    1057
     910
     856
     801
     870
     810
     777
     844
     885
     880
     945
    1022
     999
    1120
    1115
    1245
    1287
    1391
    1478
    1552
    1470
    1541
    1592
    1708
    1742
    1771
    1903
    1818
    1853
    2004
    1983
    2071
    2064
    2095
    2112
    2145
    2139
    2152
    2215
    2229
    2187
    2210
    2167
    2209
    2164
    2185
    2132
    2248
    2122
    2141
    2091
    2109
    2136
    2110
    2102
    2092
    1973
    2018
    2112
    2046
    2049
    1928
    1979
    1853
    2022
    1885
    1901
    1963
    1838
    1869
    1778
    1837
    1799
    1821
    1753
    1714
    1777
    1705
    1778
    1711
    1635
    1631
    1598
    1551
    1555
    1568
    1520
    1558
    1481
    1456
    1475
    1390
    1437
    1397
    1393
    1373
    1409
    1389
    1286
    1340
    1302
    1320
    1262
    1301
    1209
    1233
    1177
    1203
    1165
    1166
    1151
    1122
    1112
    1194
    1105
    1190
    1131
    1147
    1065
    1037
    1059
    1057
    1032
    1131
    1007
    1026
     987
    1012
    1002
     981
     976
     897
     956
     940
    1028
     894
     897
     880
     955
     901
     893
     867
     855
     933
     886
     829
     928
     844
     833
     806
     793
     776
     782
     755
     770
     715
     788
     791
     744
     739
     685
     672
     723
     714
     691
     708
     665
     606
     593
     626
     648
     617
     644
     639
     628
     638
     592
     612
     656
     596
     584
     627
     564
     578
     595
     616
     579
     576
     542
     516
     589
     515
     546
     537
     517
     493
     519
     516
     529
     532
     453
     508
     495
     439
     458
     447
     423
     478
     451
     394
     426
     466
     451
     419
     409
     401
     432
     422
     426
     381
     443
     423
     421
     410
     413
     380
     390
     372
     370
     375
     347
     365
     382
     372
     340
     351
     360
     341
     357
     341
     331
     326
     319
     312
     337
     313
     283
     302
     308
     281
     310
     320
     288
     303
     289
     294
     281
     258
     299
     277
     288
     243
     273
     293
     260
     290
     238
     263
     278
     247
     236
     261
     239
     289
     221
     250
     245
     244
     245
     246
     224
     240
     242
     250
     236
     242
     276
     222
     235
     201
     219
     204
     225
     216
     200
     228
     227
     231
     227
     222
     212
     213
     230
     203
     215
     238
     209
     214
     205
     205
     204
     203
     195
     206
     199
     189
     222
     204
     211
     220
     218
     199
     218
     193
     192
     197
     201
     208
     183
     212
     197
     190
     188
     208
     182
     186
     170
     190
     199
     184
     178
     185
     190
     168
     212
     186
     161
     195
     188
     169
     172
     184
     164
     204
     189
     183
     175
     161
     190
     181
     158
     178
     133
     159
     162
     151
     174
     154
     170
     182
     171
     164
     180
     173
     169
     177
     168
     157
     163
     168
     154
     193
     169
     170
     159
     161
     164
     162
     161
     154
     161
     161
     158
     170
     177
     167
     161
     168
     183
     158
     147
     142
     152
     159
     174
     163
     155
     144
     156
     160
     174
     124
     148
     156
     160
     164
     146
     145
     155
     138
     142
     156
     131
     122
     145
     135
     164
     126
     144
     142
     144
     128
     133
     128
     143
     151
     148
     131
     142
     148
     127
     142
     165
     113
     139
     132
     135
     125
     135
     139
     130
     121
     122
     135
     121
     115
     118
     132
     123
     133
     127
     123
     123
     117
     122
     132
     131
     106
     115
     114
     118
     132
     125
     136
     106
     125
     127
     126
     123
     107
     128
     121
     127
     125
     125
     137
     124
     121
     123
     136
     118
     141
     123
     124
     119
     127
     129
     136
     123
     110
     127
     127
     130
     126
     137
     124
     119
     127
     133
     103
     122
     131
     123
     128
     108
     126
     113
     117
     126
     145
     137
     121
     119
     133
     117
     123
     133
     121
     104
     100
      99
     116
     119
     139
     125
     126
     115
     138
     119
     114
     133
     119
     123
     102
     130
     108
     136
     118
     138
     116
     138
     112
     122
     119
     109
     100
     113
     140
     128
     138
     131
     118
     118
     105
     112
     109
     116
     115
     117
     116
     130
     122
     117
     121
     136
     120
     101
     135
     127
     120
     133
     106
     128
     130
     112
     118
     127
     122
     132
     129
     132
     120
     134
     110
     136
     112
     111
      96
     113
     123
     139
     104
     120
     124
      91
     116
     101
     104
     117
     117
     119
     112
     114
     114
     104
      95
     116
     114
     103
     102
     101
     111
     115
     110
     112
      93
     104
      78
      95
     121
     121
     104
      92
      96
     106
      94
      83
      99
      77
      79
     104
     105
      81
      85
     104
      98
      93
      86
      83
      93
      90
     121
     100
      96
      88
      79
      93
      98
      96
      75
     105
      87
      85
     102
      90
      95
      87
      95
      71
     100
      83
      74
      87
      74
      81
      91
      90
      86
      91
      81
      86
      96
      78
      64
      95
      82
      87
      72
      93
      91
      68
      89
      79
      93
      89
      92
      73
     101
      80
     100
      75
      81
      69
      82
     101
      76
      88
      89
      66
      83
      83
      84
      79
      95
      82
      83
      89
      77
      83
     101
      65
      87
      89
      97
      89
     125
      86
     100
      87
      86
      92
      93
     102
     123
     100
      97
     107
      95
      80
     117
      79
     123
     108
     116
     108
      95
     119
     129
     127
     108
     109
     128
     104
     137
     156
     132
     121
     104
     112
     146
     125
     129
     129
     134
     118
     106
     137
     135
     118
     135
     141
     132
     139
     132
     125
     126
     116
     112
     123
     129
     127
     122
      98
     147
     106
     112
     118
     104
     115
      98
     100
     100
     102
     103
     119
     112
     102
      95
      94
      79
      93
     105
      82
      89
      85
      95
      87
      79
      72
      81
      89
      83
      79
      68
      58
      78
      73
      69
      74
      77
      78
      84
      71
      63
      75
      65
      77
      78
      83
      76
      83
      68
      67
      83
      73
      84
      70
      78
      74
      86
      77
      74
      73
      86
      81
      82
      83
      93
      82
      92
      82
      90
      76
      94
     104
      92
      91
     107
      98
      86
      88
     113
      93
      96
      87
     103
     100
     114
     105
      97
     101
     114
     101
     104
     103
     109
      94
      90
      85
     101
      98
     103
      96
      89
      99
      91
     106
      95
     103
      95
      77
      89
      84
      82
      92
      70
      93
      79
      90
      92
      89
      84
      73
      75
      62
      80
      86
      75
      68
      83
      68
      58
      61
      53
      55
      58
      61
      57
      61
      61
      65
      58
      60
      57
      60
      72
      64
      46
      44
      54
      50
      50
      47
      57
      50
      56
      60
      55
      56
      49
      65
      58
      56
      47
      58
      68
      53
      67
      42
      46
      54
      60
      54
      53
      44
      35
      50
      51
      50
      47
      48
      51
      49
      55
      41
      36
      37
      43
      57
      39
      46
      42
      51
      39
      52
      55
      40
      40
      40
      47
      37
      32
      44
      42
      32
      42
      49
      46
      31
      41
      34
      46
      41
      40
      39
      32
      30
      63
$ROI:
0
$PRESETS:
Live Time
3000
0
$ENER_FIT:
0.000000 1.451002
$MCA_CAL:
3
0.000000E+000 1.451002E+000 0.000000E+000 keV
$SHAPE_CAL:
3
0.000000E+000 0.000000E+000 0.000000E+000
