$SPEC_ID:
No sample description was entered.
$SPEC_REM:
DET# 1
DETDESC# SPACESCIENCE7 digiBASE-RH SN 15121435
AP# Maestro Version 7.01
$DATE_MEA:
09/22/2020 17:00:45
$MEAS_TIM:
300 300
$DATA:
0 1023
       0
       0
       0
       0
     619
    2144
    1223
     683
     394
     292
     259
     237
     238
     252
     277
     291
     302
     306
     371
     422
     577
     795
     970
    1226
    1466
    1612
    1625
    1512
    1319
    1124
     895
     698
     589
     489
     422
     380
     358
     333
     337
     348
     350
     346
     334
     365
     367
     388
     405
     434
     412
     489
     425
     465
     471
     444
     471
     464
     482
     489
     494
     520
     460
     496
     517
     550
     518
     536
     530
     539
     485
     545
     545
     532
     588
     514
     548
     546
     551
     569
     572
     564
     526
     562
     568
     554
     551
     527
     605
     601
     643
     582
     577
     559
     616
     556
     593
     576
     573
     573
     609
     634
     583
     600
     559
     600
     560
     600
     597
     558
     582
     555
     587
     554
     543
     540
     561
     535
     538
     547
     612
     542
     557
     526
     546
     538
     569
     561
     571
     579
     577
     621
     580
     570
     569
     598
     550
     591
     579
     592
     585
     600
     589
     613
     564
     573
     585
     606
     591
     609
     605
     618
     593
     579
     581
     581
     550
     547
     511
     516
     532
     534
     510
     538
     529
     483
     535
     465
     536
     520
     511
     459
     467
     489
     512
     470
     490
     447
     472
     461
     463
     493
     463
     419
     473
     475
     464
     433
     451
     432
     410
     437
     404
     412
     420
     446
     426
     450
     395
     405
     376
     388
     397
     367
     391
     411
     399
     414
     375
     358
     367
     355
     356
     398
     374
     356
     365
     386
     368
     383
     348
     343
     336
     340
     331
     330
     322
     335
     330
     323
     329
     309
     303
     347
     337
     314
     295
     348
     290
     305
     297
     276
     316
     321
     297
     310
     292
     276
     294
     282
     328
     287
     291
     294
     289
     292
     274
     257
     298
     294
     300
     316
     294
     268
     277
     277
     308
     276
     266
     240
     259
     292
     262
     256
     272
     283
     288
     282
     262
     245
     247
     259
     290
     266
     255
     253
     235
     269
     302
     234
     255
     224
     247
     249
     276
     265
     276
     239
     253
     262
     292
     255
     240
     253
     279
     268
     298
     269
     266
     247
     269
     263
     239
     247
     248
     273
     241
     255
     223
     230
     220
     236
     249
     233
     211
     222
     221
     232
     216
     224
     224
     194
     209
     179
     177
     202
     179
     184
     172
     191
     166
     163
     160
     155
     171
     152
     145
     153
     116
     131
     115
     138
     121
     129
     118
     120
     108
     109
     104
      82
     110
     123
     106
     106
      89
     109
     110
      88
      88
      91
      73
      92
      83
      72
      88
      94
      79
      80
      78
      90
      77
      81
      81
      73
      56
      70
      92
      76
      79
      68
      74
      78
      81
      83
      68
      63
      62
      83
      58
      68
      70
      69
      74
      72
      62
      69
      81
      72
      72
      73
      74
      75
      78
      95
      80
      95
      89
      89
      99
     108
      80
      81
      99
     117
     104
     111
      96
     129
     144
     140
     158
     176
     186
     203
     188
     202
     229
     218
     249
     252
     291
     327
     321
     285
     358
     372
     385
     415
     434
     454
     499
     478
     510
     509
     554
     578
     600
     605
     621
     601
     647
     651
     641
     721
     732
     729
     653
     726
     681
     696
     706
     669
     702
     644
     697
     672
     656
     644
     638
     609
     618
     530
     582
     581
     520
     496
     477
     450
     411
     404
     418
     395
     376
     318
     328
     293
     300
     282
     264
     281
     254
     228
     231
     237
     219
     202
     213
     163
     160
     169
     160
     185
     151
     138
     137
     139
     116
     134
     135
     104
     123
     108
     126
     102
     115
      89
     100
     103
      98
      85
      88
      87
      88
      87
      80
      99
      77
      78
      82
      94
      77
      88
      77
      68
      76
      83
      70
      84
      79
      74
      73
      75
      74
      68
      56
      70
      58
      69
      68
      66
      64
      76
      79
      61
      85
      86
      50
      58
      75
      82
      75
      57
      64
      64
      71
      71
      63
      66
      54
      63
      54
      62
      62
      53
      69
      73
      58
      63
      56
      51
      50
      65
      56
      44
      51
      48
      40
      40
      49
      47
      45
      49
      44
      36
      43
      34
      34
      35
      35
      43
      31
      44
      26
      38
      28
      33
      28
      32
      30
      20
      25
      33
      22
      25
      26
      25
      32
      18
      25
      21
      17
      18
      15
      26
      17
      17
      16
      15
       7
      11
      14
      15
       9
      10
       9
      13
       7
       7
       8
       6
       9
       4
       5
       7
       7
       6
       9
       6
       3
       8
      11
       4
       6
       6
      10
       2
       6
       6
       8
       5
       7
       6
       2
       2
       5
       6
       2
       3
       3
       1
       4
       3
       4
       2
       7
       7
       4
       4
       2
       2
       6
       5
       4
       6
       4
       6
       3
       3
       3
       2
       1
       1
       3
       3
       5
       2
       4
       6
       2
       4
       7
       3
       3
       4
       5
       5
       3
       6
       1
       3
       3
       5
       3
       4
       6
       7
       3
       5
       5
       6
       7
       1
       2
       3
       1
       2
       4
       6
       3
       1
       1
       4
      11
       2
       3
       4
       4
       5
       5
       6
       3
       4
       3
       5
       3
       3
       3
       2
       3
       6
       5
       5
       7
       7
       7
       1
       2
       5
       5
       1
       2
       2
       5
       5
       2
       1
       4
       5
       4
       3
       5
       6
       1
       2
       1
       3
       5
       4
       3
       5
       5
       3
       4
       4
       2
       4
       4
       3
       0
       3
       2
       1
       3
       1
       3
       2
       1
       1
       8
       3
       1
       5
       2
       6
       2
       3
       1
       8
       5
       4
       4
       1
       3
       1
       3
       3
       3
       3
       5
       6
       0
       2
       4
       4
       2
       5
       1
       1
       1
       3
       2
       3
       4
       3
       2
       2
       4
       1
       4
       1
       2
       1
       4
       4
       1
       3
       4
       3
       1
       3
       1
       2
       4
       1
       0
       4
       0
       0
       0
       2
       2
       0
       3
       0
       1
       2
       3
       2
       1
       1
       5
       2
       4
       4
       1
       1
       1
       3
       4
       7
       2
       2
       4
       1
       2
       3
       4
       1
       2
       5
       3
       0
       6
       3
       1
       3
       4
       0
       2
       3
       2
       1
       0
       4
       3
       2
       1
       3
       2
       3
       1
       4
       5
       2
       2
       2
       0
       2
       0
       2
       0
       1
       2
       3
       1
       2
       3
       3
       1
       2
       2
       1
       4
       4
       0
       2
       2
       1
       0
       1
       2
       3
       0
       3
       6
       4
       1
       3
       5
       2
       4
       1
       1
       3
       2
       0
       2
       3
       4
       4
       1
       2
       5
       4
       2
       2
       3
       3
       9
       4
       2
       1
       5
       3
       4
       6
       3
       2
       1
       2
       4
       5
       4
       5
       1
       4
       2
       7
       4
       0
       3
       2
       4
       0
       1
       3
       3
       3
       6
       6
       2
       3
       0
       3
       2
       0
       5
       5
       6
       3
       3
       3
       5
       2
       2
       2
$ROI:
0
$PRESETS:
Live Time
300
0
$ENER_FIT:
0.000000 0.000000
$MCA_CAL:
3
0.000000E+000 0.000000E+000 0.000000E+000 
$SHAPE_CAL:
3
0.000000E+000 0.000000E+000 0.000000E+000
