$SPEC_ID:
No sample description was entered.
$SPEC_REM:
DET# 2
DETDESC# SPACESCIENCE8 digiBASE-RH SN 15121449
AP# Maestro Version 7.01
$DATE_MEA:
10/21/2025 12:12:15
$MEAS_TIM:
591 591
$DATA:
0 1023
       0
       0
       0
       0
       0
       0
       0
       0
       0
       0
      30
     262
     310
     347
     369
     336
     358
     349
     383
     432
     434
     495
     520
     558
     517
     552
     618
     592
     688
     662
     663
     650
     646
     692
     676
     706
     625
     575
     585
     573
     556
     529
     509
     490
     482
     440
     488
     460
     416
     407
     426
     421
     402
     386
     408
     420
     365
     423
     331
     381
     381
     385
     336
     333
     326
     330
     351
     333
     331
     325
     323
     293
     310
     280
     288
     322
     281
     259
     265
     269
     257
     271
     255
     256
     246
     262
     244
     253
     233
     228
     244
     229
     253
     209
     230
     215
     234
     219
     223
     221
     197
     202
     201
     216
     206
     182
     179
     188
     184
     188
     177
     193
     183
     166
     170
     181
     159
     161
     138
     166
     155
     146
     152
     163
     145
     133
     158
     158
     160
     166
     155
     145
     145
     147
     119
     138
     156
     119
     141
     128
     141
     126
     122
     154
     142
     144
     133
     139
     134
     120
     134
     141
     119
     126
     133
     115
     119
     124
     130
     125
     111
     107
     103
     107
     105
     101
      93
      71
      77
      99
      87
      74
      62
      91
      74
      80
      77
      76
      70
      67
      84
      74
      63
      68
      72
      80
      62
      68
      64
      61
      53
      60
      71
      57
      65
      69
      51
      53
      53
      56
      61
      69
      64
      61
      48
      68
      63
      60
      58
      56
      46
      50
      54
      46
      57
      65
      63
      50
      50
      57
      64
      53
      57
      53
      42
      53
      45
      41
      49
      51
      52
      42
      54
      51
      56
      56
      44
      39
      53
      52
      56
      58
      54
      46
      48
      55
      64
      50
      57
      51
      54
      42
      60
      41
      55
      49
      44
      54
      60
      60
      48
      42
      61
      51
      54
      50
      58
      64
      47
      55
      66
      29
      59
      43
      53
      37
      61
      59
      66
      54
      58
      43
      59
      48
      40
      45
      43
      40
      48
      35
      56
      43
      46
      46
      46
      37
      40
      40
      48
      25
      35
      40
      30
      39
      37
      29
      28
      25
      23
      34
      36
      25
      38
      31
      26
      32
      29
      33
      28
      16
      26
      31
      33
      26
      21
      21
      23
      26
      19
      22
      22
      26
      20
      19
      30
      28
      21
      27
      17
      27
      30
      20
      24
      18
      20
      28
      19
      23
      23
      29
      19
      25
      26
      30
      25
      20
      28
      32
      17
      27
      16
      23
      18
      19
      24
      21
      14
      25
      25
      18
      23
      15
      25
      19
      20
      26
      30
      29
      16
      21
      20
      28
      22
      16
      20
      20
      19
      22
      19
      19
      17
      21
      25
      19
      20
      25
      15
      23
      22
      23
      22
      21
      21
      25
      31
      18
      12
      19
      11
      18
      17
      14
      18
      25
      15
      24
      16
      20
      20
      19
      27
      32
      24
      17
      19
      21
      21
      20
      13
      15
       8
      16
      12
       8
      12
      15
      15
      15
      10
      14
       8
      15
       8
      14
      18
      20
      15
      10
      11
      17
      18
      14
      11
      20
      12
      13
      12
      11
      13
      21
      14
      10
      16
      15
      10
      17
      18
      17
      15
      18
      17
      11
      25
      20
      19
      21
      22
      11
      24
      21
      17
      29
      22
      22
      23
      22
      25
      23
      37
      35
      29
      33
      39
      28
      49
      37
      43
      44
      39
      33
      38
      50
      44
      47
      52
      36
      56
      39
      37
      52
      51
      55
      56
      41
      45
      47
      35
      43
      49
      44
      61
      44
      45
      37
      48
      38
      41
      34
      31
      40
      27
      27
      36
      27
      22
      34
      36
      30
      27
      22
      28
      27
      32
      24
      23
      17
      17
      26
      19
      26
      12
      16
      25
      29
      23
      21
      15
      28
      18
      18
      19
      24
      21
      23
      23
      34
      26
      29
      32
      33
      33
      27
      37
      31
      40
      43
      43
      27
      33
      28
      35
      46
      33
      45
      26
      37
      27
      37
      34
      43
      40
      40
      31
      31
      40
      37
      31
      23
      39
      31
      29
      38
      33
      29
      32
      37
      34
      29
      28
      31
      24
      32
      27
      23
      30
      28
      30
      19
      24
      29
      16
      24
      19
      15
      32
      26
      25
      28
      30
      21
      23
      19
      26
      18
      23
      27
      14
      30
      22
      22
      16
      19
      27
      17
      10
      20
      30
      26
      15
      16
      24
      19
      21
      18
      18
      15
      18
      13
      21
       8
       7
      17
      12
      20
      13
       8
      10
      13
      12
      14
      11
       9
      10
       8
      15
      11
       5
       6
       7
       9
       8
       3
       9
       6
       3
       9
       6
       0
       6
       2
       2
       2
       4
       5
       4
       5
       3
       1
       5
       2
       4
       3
       2
       5
       7
       4
       3
       4
       2
       3
       0
       3
       3
       5
       2
       3
       5
       4
       7
       4
       2
       7
       4
       2
       4
       0
       3
       4
       1
       3
       1
       4
       4
       5
       6
       3
       4
       3
       2
       1
       4
       7
       1
       2
       1
       4
       6
       3
       1
       5
       3
       3
       6
       8
       1
       1
       4
       5
       2
      10
       4
       3
       9
       5
       6
       1
       5
       7
       3
       3
       6
       4
       4
       1
       6
       3
       4
       7
       5
       6
       3
       1
       5
       3
       1
       3
       3
       3
       0
       3
       7
       6
       6
       2
       2
       7
       6
       1
       4
       2
       2
       4
       3
       2
       3
       2
       2
       2
       1
       2
       2
       4
       3
       5
       2
       3
       1
       5
       0
       3
       1
       2
       3
       3
       1
       1
       2
       1
       1
       1
       3
       3
       1
       2
       0
       1
       1
       0
       1
       1
       0
       0
       1
       4
       1
       1
       1
       0
       3
       0
       0
       1
       0
       2
       0
       3
       2
       1
       1
       2
       2
       1
       1
       0
       0
       3
       0
       1
       1
       2
       2
       0
       0
       0
       0
       2
       1
       4
       1
       1
       0
       3
       4
       0
       0
       1
       1
       0
       2
       0
       0
       1
       0
       1
       2
       0
       1
       0
       0
       0
       1
       0
       0
       1
       3
       2
       3
       3
       1
       0
       1
       2
       0
       2
       0
       0
       1
       4
       4
       2
       1
       1
       1
       2
       2
       2
       2
       2
       1
       1
       1
       0
       2
       0
       0
       2
       0
       1
       2
       0
       2
       2
       4
       0
       2
       3
       3
       1
       2
       1
       2
       2
       1
       0
       2
       2
       2
       0
       3
       3
       0
       4
       0
       2
       1
       2
       5
       1
       2
       1
       1
       1
       0
       2
       0
       1
       3
       0
       1
       3
       0
       3
       1
       2
       2
       2
       0
       2
       1
       1
       0
       1
       1
       1
       1
       3
       1
       1
       1
       2
       0
       1
       1
       3
       0
       2
       2
       0
       0
       0
       2
       1
       1
       1
       1
       0
       1
       1
       3
       0
       0
       0
       0
       1
$ROI:
0
$PRESETS:
None
0
0
$ENER_FIT:
0.000000 2.205567
$MCA_CAL:
3
0.000000E+000 2.205567E+000 0.000000E+000 keV
$SHAPE_CAL:
3
0.000000E+000 0.000000E+000 0.000000E+000
