$SPEC_ID:
No sample description was entered.
$SPEC_REM:
DET# 2
DETDESC# SPACESCIENCE8 digiBASE-RH SN 15121449
AP# Maestro Version 7.01
$DATE_MEA:
10/21/2025 12:48:01
$MEAS_TIM:
58 59
$DATA:
0 1023
       0
       0
       0
       0
       0
       0
       0
       0
       0
       0
      76
     831
    1101
    1292
    1638
    2088
    2794
    3681
    4488
    5426
    6335
    6640
    6989
    6994
    6644
    6134
    5292
    4357
    3489
    2612
    1919
    1338
     941
     656
     412
     285
     194
     151
     130
     101
      69
      76
      45
      59
      56
      55
      60
      40
      46
      47
      53
      50
      41
      42
      47
      48
      49
      34
      25
      32
      43
      29
      37
      25
      29
      29
      30
      29
      22
      32
      33
      23
      19
      35
      23
      21
      32
      29
      34
      18
      21
      27
      30
      25
      26
      29
      30
      23
      24
      30
      17
      17
      21
      15
      16
      29
      18
      18
      30
      17
      13
      16
      15
      25
      13
      18
      17
      18
      21
      10
      10
      14
      10
      19
      11
       7
      13
      11
       8
      12
      19
      11
      14
      13
      19
       9
      11
      18
      11
       8
      11
      11
      19
       8
      12
      10
       6
      11
      10
       8
      18
      12
      11
       5
      15
      10
       6
      12
       7
      11
       7
       7
       9
      12
      16
      16
       8
       8
       9
       9
      11
       5
       7
       6
       9
       6
       6
       8
       3
      11
      10
       6
       7
       4
       7
       5
       4
       8
       5
       6
       5
       6
       6
       5
       7
       8
       5
       2
       3
       6
       5
       2
       6
      10
       9
       4
       3
       3
       3
       8
       2
       4
       6
       6
       2
       4
       7
       4
       2
       6
       3
       4
       7
       6
       4
       9
       3
       3
       7
       7
       8
       8
       4
       5
       1
       0
       1
       6
       6
       2
       1
       6
       3
       3
       2
       7
       4
       6
       4
      11
       6
       2
       6
       4
       3
       3
       4
       2
       5
       3
       0
       4
       7
       4
       4
       4
       7
       5
       6
       4
       2
       8
       2
       6
       5
       5
       8
       7
       5
       5
       4
       3
       2
       4
       1
       2
       4
       3
       6
       4
       2
       2
       0
       3
       4
       3
       0
       6
       3
       0
       2
       1
       1
       2
       4
       0
       4
       3
       3
       3
       2
       1
       3
       2
       1
       3
       2
       6
       0
       3
       2
       1
       0
       0
       6
       1
       2
       0
       1
       3
       2
       1
       1
       1
       1
       1
       3
       1
       3
       2
       1
       3
       0
       2
       1
       1
       1
       3
       2
       1
       0
       0
       3
       0
       2
       7
       0
       3
       1
       4
       1
       4
       2
       2
       2
       1
       1
       1
       0
       2
       2
       3
       1
       2
       0
       3
       0
       1
       2
       1
       1
       0
       1
       3
       1
       2
       2
       0
       1
       1
       1
       1
       2
       1
       0
       3
       1
       2
       2
       3
       4
       4
       4
       3
       2
       4
       3
       2
       2
       2
       3
       1
       3
       0
       3
       5
       3
       1
       1
       2
       2
       4
       2
       1
       0
       2
       2
       2
       1
       1
       4
       4
       5
       2
       1
       0
       1
       1
       0
       2
       2
       1
       2
       1
       1
       0
       2
       1
       3
       3
       1
       0
       1
       0
       1
       2
       1
       3
       1
       4
       0
       1
       0
       0
       1
       1
       1
       0
       3
       0
       0
       0
       1
       1
       0
       0
       1
       3
       0
       1
       0
       1
       0
       2
       2
       3
       0
       4
       0
       0
       1
       2
       2
       1
       0
       0
       0
       0
       2
       1
       1
       2
       1
       1
       3
       2
       2
       0
       0
       6
       0
       0
       3
       1
       1
       1
       3
       2
       0
       3
       1
       0
       0
       2
       0
       0
       0
       2
       1
       0
       1
       0
       0
       1
       0
       1
       1
       1
       2
       1
       0
       1
       0
       0
       1
       1
       2
       0
       1
       0
       0
       0
       1
       1
       0
       1
       1
       0
       1
       0
       2
       1
       2
       1
       0
       1
       0
       1
       1
       0
       1
       0
       1
       0
       2
       1
       0
       0
       1
       0
       1
       1
       0
       1
       1
       0
       0
       2
       0
       0
       1
       0
       0
       2
       1
       2
       0
       0
       0
       0
       0
       3
       2
       1
       2
       0
       1
       1
       1
       0
       0
       3
       1
       0
       0
       2
       0
       2
       0
       2
       2
       3
       2
       1
       0
       3
       4
       2
       3
       1
       2
       0
       1
       3
       2
       3
       2
       4
       4
       1
       2
       1
       1
       2
       2
       3
       2
       3
       2
       6
       2
       2
       0
       0
       2
       2
       1
       4
       2
       3
       1
       0
       4
       0
       0
       1
       0
       0
       0
       0
       0
       0
       0
       0
       1
       1
       0
       1
       1
       1
       0
       0
       1
       1
       0
       0
       4
       1
       0
       0
       0
       0
       0
       0
       0
       0
       1
       0
       0
       2
       0
       1
       0
       0
       0
       1
       0
       0
       0
       1
       0
       0
       0
       1
       0
       0
       1
       0
       0
       0
       0
       0
       0
       0
       1
       2
       0
       1
       0
       0
       0
       0
       0
       0
       0
       0
       0
       1
       1
       0
       0
       0
       0
       0
       1
       0
       0
       0
       0
       0
       0
       1
       1
       0
       0
       0
       1
       1
       0
       0
       0
       2
       0
       0
       1
       0
       0
       2
       0
       1
       0
       0
       0
       2
       0
       0
       0
       1
       1
       0
       1
       0
       1
       0
       0
       0
       0
       0
       0
       0
       0
       0
       0
       1
       0
       0
       0
       1
       1
       0
       0
       1
       0
       0
       0
       0
       0
       0
       0
       0
       0
       0
       0
       0
       1
       0
       0
       0
       0
       0
       0
       0
       0
       0
       0
       0
       0
       0
       0
       0
       0
       0
       0
       0
       0
       0
       0
       0
       0
       0
       0
       0
       0
       0
       1
       0
       0
       1
       0
       0
       1
       0
       0
       1
       0
       0
       0
       1
       0
       0
       0
       0
       0
       0
       0
       0
       0
       0
       1
       0
       1
       0
       0
       1
       0
       0
       0
       0
       0
       0
       0
       0
       0
       0
       0
       0
       0
       0
       0
       1
       0
       0
       0
       0
       0
       0
       0
       0
       0
       0
       0
       0
       0
       1
       0
       0
       0
       0
       0
       1
       1
       0
       0
       0
       0
       0
       0
       1
       0
       0
       0
       0
       0
       0
       0
       0
       0
       1
       0
       0
       0
       0
       0
       0
       0
       0
       1
       1
       1
       0
       0
       0
       0
       0
       0
       1
       0
       0
       2
       0
       0
       0
       0
       0
       1
       0
       0
       1
       1
       0
       1
       0
       1
       0
       0
       1
       0
       0
       0
       1
       0
       0
       1
       0
       1
       0
       0
       1
       0
       0
       1
       0
       0
       0
       1
       0
       0
       0
       0
       0
       0
       0
       0
       0
       0
       0
       0
       0
       0
       0
       0
       0
       0
       0
       0
       1
       0
       0
       0
       1
       0
       1
       0
       0
       0
       0
       0
       0
       0
       0
       0
       0
       0
       0
       0
       0
       0
       0
       1
       0
       0
       0
       0
       0
$ROI:
0
$PRESETS:
None
0
0
$ENER_FIT:
0.000000 2.205567
$MCA_CAL:
3
0.000000E+000 2.205567E+000 0.000000E+000 keV
$SHAPE_CAL:
3
0.000000E+000 0.000000E+000 0.000000E+000
