$SPEC_ID:
No sample description was entered.
$SPEC_REM:
DET# 2
DETDESC# SPACESCIENCE8 digiBASE-RH SN 15121449
AP# Maestro Version 7.01
$DATE_MEA:
10/21/2025 12:22:57
$MEAS_TIM:
550 551
$DATA:
0 1023
       0
       0
       0
       0
       0
       0
       0
       0
       0
       0
     954
    9298
   11308
    9707
    7803
    5851
    4246
    3191
    2243
    1853
    1697
    1760
    1686
    1851
    1886
    2240
    2315
    2628
    2794
    2993
    3217
    3198
    3207
    3383
    3197
    2932
    2699
    2458
    2153
    1929
    1613
    1457
    1197
    1065
     967
     913
     832
     816
     769
     750
     732
     666
     644
     705
     701
     716
     735
     700
     741
     745
     735
     713
     801
     805
     737
     784
     785
     802
     746
     716
     780
     721
     739
     674
     705
     673
     712
     695
     736
     667
     621
     631
     604
     620
     622
     560
     586
     570
     596
     574
     587
     580
     549
     530
     599
     526
     527
     561
     518
     512
     536
     501
     475
     521
     501
     499
     483
     549
     513
     531
     551
     571
     609
     577
     630
     653
     657
     721
     769
     781
     803
     817
     780
     821
     824
     832
     837
     865
     934
     896
     843
     905
     908
     954
     900
     899
     918
     947
    1031
    1073
    1086
    1116
    1158
    1219
    1247
    1309
    1442
    1431
    1515
    1563
    1602
    1611
    1621
    1601
    1631
    1613
    1621
    1480
    1465
    1421
    1282
    1273
    1181
    1164
    1047
    1008
     928
     837
     750
     705
     640
     586
     469
     408
     430
     373
     317
     262
     252
     221
     195
     174
     164
     145
     130
     109
     113
      90
      74
      89
      94
      57
      53
      65
      69
      65
      45
      55
      56
      59
      43
      46
      55
      47
      47
      50
      44
      50
      36
      40
      41
      54
      47
      51
      51
      46
      37
      49
      39
      29
      50
      34
      43
      34
      38
      49
      37
      40
      35
      37
      45
      29
      34
      40
      34
      53
      28
      45
      30
      46
      34
      39
      43
      46
      35
      37
      35
      40
      42
      35
      30
      45
      48
      36
      28
      42
      38
      43
      44
      45
      41
      49
      45
      37
      34
      27
      32
      49
      32
      38
      34
      42
      38
      32
      36
      38
      37
      32
      35
      39
      24
      37
      27
      30
      35
      35
      25
      26
      27
      31
      30
      30
      27
      26
      26
      26
      27
      24
      25
      22
      18
      20
      18
      27
      30
      34
      25
      23
      23
      27
      18
      20
      19
      23
      20
      17
      17
      22
      14
      15
      16
      18
      22
      20
      29
      12
      19
      17
      18
      14
      30
      19
      16
      12
      18
      12
      13
      17
      12
      20
      17
      14
      27
      18
      25
      13
      23
      21
      14
      17
      12
      17
      18
      19
      17
       9
       9
      19
      12
      19
      16
      25
       9
      19
      13
      21
      16
      19
      16
      18
      15
      17
      13
      16
       7
      14
      13
      15
      14
      11
      17
      26
      16
      11
      22
      19
      15
      19
      13
      18
      17
      12
      19
      14
      21
      19
      13
      16
      13
      19
      17
      16
      13
      12
      21
      15
      20
      19
      18
      23
      14
      14
      13
       9
      17
      16
      13
      15
      19
      10
      14
      12
      17
      10
      13
      19
      15
      13
      16
      10
       9
      14
      16
      17
      18
      13
      11
      15
       8
       9
       9
       6
      14
      14
       7
      16
      14
      11
       8
      17
       9
      14
      14
      10
       9
       8
      17
       7
       7
       8
      10
      10
      11
       4
       9
      10
       5
      10
      12
       7
      12
       5
       6
      11
      10
       7
      14
      12
      11
       5
      11
       8
       7
       7
       5
       8
      14
      14
      12
      12
      16
      16
       8
      17
       7
      10
      13
       4
       7
      18
      12
      14
      17
      13
       8
      11
       7
       4
      14
      13
      12
      10
      14
       8
       7
      12
       9
       8
       7
       5
       7
      14
      11
      13
       3
       6
       7
       8
       7
       9
       4
       9
      13
      11
      10
      10
       8
       7
      12
       4
       6
       6
       8
       5
       8
       9
       8
       8
       9
       4
       6
       6
       8
       1
       4
       7
       4
       6
       1
       8
       8
       6
      19
       7
       9
      10
       3
       6
       5
       5
       4
       3
       6
       4
       8
       5
       8
       5
       6
       4
       6
       5
       6
       4
      10
       6
       6
       6
       9
       8
       2
       9
      10
       0
       7
      11
       3
       7
       4
       5
      10
      10
       6
       9
       7
       7
      12
      24
       7
       9
      10
      11
      13
       5
      13
      20
      19
      11
      13
      14
      16
      12
      23
      13
      13
      20
      18
      16
      18
      20
      20
      26
      21
      26
      23
      19
      21
      19
      18
      11
      14
      21
      16
      20
      15
      14
      15
      22
      14
      15
      18
      19
      18
      13
      16
      11
      16
       9
      14
      17
      13
       9
      11
      18
      14
       6
      10
      11
       5
      12
      14
      10
      10
       9
       4
       6
      12
      10
       5
       5
       9
       9
       4
       4
       5
       6
       5
       4
       4
       2
       3
       3
       1
       5
       7
       4
       2
       2
       0
       1
       6
       3
       4
       2
       1
       5
       5
       3
       2
       2
       2
       3
       3
       1
       3
       1
       3
       2
       1
       5
       3
       0
       3
       4
       5
       4
       2
       4
       1
       5
       4
       3
       4
       1
       2
       7
       2
       2
       5
       2
       2
       6
       9
       4
       3
       3
       3
       3
       1
       3
       3
       2
       4
      10
       8
       1
       3
       8
       6
       2
       2
       6
       2
       2
       2
       6
       3
       4
       5
       2
       5
       4
       6
       6
       1
       4
       2
       3
       3
       1
       4
       2
       4
       5
       3
       3
       4
       6
      10
       4
       1
      11
       3
       1
       2
       4
       3
       4
       1
       2
       3
       1
       4
       5
       1
       2
       1
       3
       1
       0
       2
       3
       2
       1
       3
       2
       0
       3
       2
       2
       1
       3
       0
       0
       2
       0
       2
       1
       0
       0
       3
       1
       1
       0
       0
       2
       2
       2
       0
       0
       4
       0
       1
       0
       1
       1
       1
       0
       2
       3
       0
       1
       1
       1
       0
       0
       1
       4
       1
       1
       1
       1
       3
       1
       2
       1
       2
       0
       1
       1
       0
       1
       0
       1
       2
       2
       0
       1
       0
       1
       1
       2
       1
       0
       2
       0
       1
       1
       1
       3
       0
       1
       2
       1
       1
       0
       0
       0
       1
       2
       1
       6
       0
       1
       2
       0
       0
       2
       1
       1
       0
       1
       2
       6
       1
       1
       1
       1
       1
       5
       0
       0
       2
       2
       4
       1
       1
       0
       1
       2
       2
       3
       2
       1
       2
       0
       2
       1
       1
       1
       1
       0
       3
       3
       0
       6
       2
       1
       1
       1
       3
       1
       2
       0
       2
       0
       1
       2
       0
       1
       0
       1
       3
       1
       1
       0
       0
       0
       3
       5
       3
       3
       1
       2
       1
       2
       1
       0
       3
       1
       0
       4
       1
       1
       1
       0
       0
       2
       2
       0
       0
       1
       3
       0
       2
       1
       1
       1
       1
       2
       2
       0
       2
       0
       4
       1
       1
       1
       0
       2
       0
       0
       0
       0
       0
       1
       1
       2
       1
       0
       1
       0
       1
       1
$ROI:
0
$PRESETS:
None
0
0
$ENER_FIT:
0.000000 2.205567
$MCA_CAL:
3
0.000000E+000 2.205567E+000 0.000000E+000 keV
$SHAPE_CAL:
3
0.000000E+000 0.000000E+000 0.000000E+000
