$SPEC_ID:
No sample description was entered.
$SPEC_REM:
DET# 2
DETDESC# SPACESCIENCE8 digiBASE-RH SN 15121449
AP# Maestro Version 7.01
$DATE_MEA:
10/21/2025 12:35:51
$MEAS_TIM:
60 60
$DATA:
0 1023
       0
       0
       0
       0
       0
       0
       0
       0
       0
       0
       4
      30
      40
      41
      48
      35
      48
      42
      53
      64
      59
      61
      70
      81
      73
      59
      70
      81
      64
      73
      84
      93
      82
      82
      77
      70
      82
      93
      80
      74
      64
      69
      66
      81
      63
      71
      55
      70
      72
      73
      67
      74
      64
      61
      60
      50
      61
      59
      57
      56
      70
      59
      66
      51
      46
      46
      56
      45
      48
      53
      47
      48
      43
      56
      58
      48
      48
      50
      43
      50
      31
      60
      47
      61
      49
      54
      47
      51
      44
      50
      40
      46
      45
      36
      41
      50
      46
      36
      43
      32
      44
      35
      37
      33
      37
      25
      27
      26
      26
      25
      33
      16
      27
      20
      21
      20
      26
      29
      19
      21
      30
      19
      27
      26
      17
      24
      17
      26
      17
      26
      25
      21
      20
      21
      15
      16
      21
      17
       9
      12
      14
      16
      22
      20
      25
      18
      25
       9
      20
      22
      22
      18
      23
      19
      13
      17
      12
      14
      10
      15
      19
      18
      12
      14
      18
      14
      10
      13
      15
      18
      20
      14
      15
      15
      18
      15
      14
      12
       9
      10
      23
      16
      10
      14
      13
      10
      21
      12
       6
      13
      14
      13
      18
      17
       9
      11
      11
      14
      11
      16
      16
      13
       9
      18
       9
      10
      14
      12
      13
      12
      10
      10
      12
      12
      11
      15
      13
      17
      10
      12
      12
       9
       9
      14
      10
      16
       9
      11
       8
      10
      10
       9
      13
      11
      15
      10
       6
      18
       9
       6
      21
      10
       6
      11
       9
      13
      16
      15
      20
      18
      18
      13
      19
      24
      22
      20
      23
      28
      25
      33
      29
      32
      36
      27
      30
      44
      43
      62
      52
      44
      60
      65
      73
      59
      73
      69
      75
      70
      98
      67
      82
      89
      81
      97
      95
      96
      84
      72
      79
     104
      74
      72
      79
      76
      69
      65
      54
      71
      64
      59
      56
      46
      45
      44
      42
      41
      32
      30
      23
      20
      20
      17
      10
      15
      12
      11
      13
       7
      13
       9
      13
      10
       5
       3
       4
       7
       6
       2
       8
       5
       1
       2
       5
       2
       6
       2
       2
       1
       1
       1
       4
       3
       1
       2
       4
       1
       3
       2
       1
       3
       2
       2
       0
       1
       5
       2
       1
       0
       2
       1
       2
       1
       1
       1
       4
       1
       1
       1
       2
       3
       1
       0
       1
       0
       4
       3
       0
       3
       1
       1
       1
       3
       0
       3
       1
       3
       1
       2
       2
       0
       2
       1
       2
       1
       2
       1
       0
       1
       1
       2
       1
       4
       0
       2
       1
       1
       2
       1
       0
       2
       3
       3
       1
       0
       3
       1
       1
       2
       3
       2
       1
       2
       3
       0
       2
       1
       1
       1
       2
       0
       2
       2
       1
       2
       1
       0
       2
       1
       2
       0
       0
       3
       0
       0
       1
       0
       1
       1
       1
       1
       2
       1
       0
       3
       0
       1
       2
       2
       0
       2
       1
       1
       0
       1
       1
       3
       0
       2
       0
       1
       1
       1
       1
       2
       3
       4
       1
       1
       2
       2
       3
       0
       2
       1
       1
       2
       0
       0
       1
       2
       0
       2
       3
       0
       0
       1
       0
       1
       4
       0
       0
       1
       1
       1
       3
       0
       3
       0
       1
       1
       0
       1
       2
       0
       0
       1
       0
       1
       4
       2
       2
       1
       1
       0
       2
       0
       0
       1
       1
       2
       0
       0
       2
       1
       1
       1
       1
       1
       2
       1
       0
       2
       1
       1
       0
       2
       0
       0
       2
       1
       1
       2
       2
       2
       0
       1
       3
       1
       0
       1
       1
       1
       2
       0
       2
       1
       1
       0
       0
       0
       0
       5
       2
       0
       1
       0
       0
       0
       3
       0
       0
       1
       0
       1
       1
       2
       2
       0
       0
       1
       1
       1
       0
       3
       1
       0
       1
       0
       2
       2
       1
       0
       0
       3
       7
       3
       2
       0
       0
       1
       1
       2
       0
       0
       2
       2
       3
       1
       3
       5
       7
       3
       0
       3
       3
       1
       1
       2
       0
       2
       2
       4
       1
       2
       1
       1
       1
       0
       3
       0
       2
       0
       2
       6
       0
       1
       3
       2
       3
       3
       4
       2
       0
       0
       1
       0
       0
       3
       0
       2
       0
       1
       1
       1
       1
       0
       0
       1
       1
       0
       1
       0
       0
       1
       0
       0
       0
       2
       1
       0
       0
       1
       4
       0
       1
       1
       0
       0
       0
       1
       0
       0
       2
       1
       0
       0
       0
       1
       0
       0
       0
       0
       0
       1
       0
       0
       0
       0
       0
       1
       0
       0
       2
       0
       0
       3
       0
       0
       0
       0
       2
       0
       0
       0
       0
       0
       1
       0
       0
       0
       1
       2
       0
       0
       0
       0
       1
       0
       0
       0
       0
       0
       0
       0
       0
       0
       0
       0
       0
       1
       0
       0
       0
       0
       1
       1
       1
       0
       2
       2
       2
       0
       1
       0
       0
       1
       0
       0
       0
       1
       1
       0
       0
       1
       0
       0
       1
       1
       0
       0
       0
       1
       2
       0
       0
       1
       0
       0
       0
       0
       0
       1
       1
       0
       0
       0
       0
       0
       0
       0
       0
       0
       0
       0
       1
       0
       0
       0
       0
       1
       0
       0
       0
       0
       0
       0
       0
       0
       0
       0
       0
       0
       0
       0
       0
       0
       0
       1
       0
       0
       0
       0
       0
       0
       0
       0
       0
       0
       0
       0
       0
       0
       0
       0
       0
       1
       0
       0
       0
       0
       0
       0
       1
       0
       0
       0
       0
       0
       0
       0
       0
       0
       1
       0
       0
       0
       0
       0
       0
       0
       0
       0
       0
       0
       1
       0
       0
       0
       0
       0
       0
       0
       0
       0
       0
       0
       2
       0
       0
       0
       1
       0
       0
       1
       0
       0
       0
       0
       0
       0
       0
       0
       0
       0
       0
       0
       0
       0
       0
       0
       0
       0
       0
       0
       1
       0
       0
       0
       1
       0
       2
       0
       0
       0
       0
       0
       0
       1
       0
       0
       0
       0
       0
       0
       1
       0
       0
       1
       0
       0
       0
       1
       0
       0
       0
       0
       0
       0
       0
       0
       1
       0
       0
       0
       0
       0
       0
       0
       0
       0
       0
       0
       0
       0
       1
       1
       0
       0
       0
       0
       0
       0
       0
       0
       0
       0
       0
       0
       0
       0
       0
       0
       1
       0
       0
       0
       0
       0
       0
       0
       0
       0
       0
       0
       0
       0
       0
       0
       0
       1
       0
       0
       0
       1
       0
       0
       0
       0
       0
       0
       0
       0
       0
       0
       0
       0
       0
       0
       0
       0
       0
       0
       0
       0
$ROI:
0
$PRESETS:
None
0
0
$ENER_FIT:
0.000000 2.205567
$MCA_CAL:
3
0.000000E+000 2.205567E+000 0.000000E+000 keV
$SHAPE_CAL:
3
0.000000E+000 0.000000E+000 0.000000E+000
