$SPEC_ID:
No sample description was entered.
$SPEC_REM:
DET# 2
DETDESC# SPACESCIENCE8 digiBASE-RH SN 15121449
AP# Maestro Version 7.01
$DATE_MEA:
09/27/2024 10:48:43
$MEAS_TIM:
1716 1718
$DATA:
0 1023
       0
       0
       0
       0
       0
       0
       0
       0
       0
       0
     116
     456
     461
     511
     449
     535
     538
     541
     597
     663
     624
     751
     761
     830
     910
     972
    1041
    1068
    1140
    1203
    1243
    1319
    1325
    1446
    1496
    1519
    1518
    1600
    1566
    1602
    1606
    1632
    1596
    1649
    1610
    1539
    1556
    1503
    1529
    1426
    1339
    1308
    1222
    1273
    1269
    1217
    1192
    1183
    1207
    1119
    1099
    1080
    1075
    1090
    1050
     984
    1062
    1018
     996
    1004
    1036
    1008
     924
     939
     927
     892
     912
     949
     917
     814
     819
     843
     889
     845
     867
     761
     836
     801
     763
     787
     765
     758
     758
     728
     697
     688
     658
     670
     656
     726
     684
     684
     695
     686
     706
     646
     639
     600
     599
     630
     619
     602
     612
     611
     597
     582
     561
     552
     614
     549
     553
     558
     572
     511
     497
     536
     491
     493
     535
     469
     474
     478
     469
     480
     459
     465
     444
     432
     420
     454
     444
     383
     383
     466
     377
     415
     390
     392
     385
     401
     370
     360
     366
     349
     392
     382
     353
     342
     323
     339
     307
     355
     330
     321
     327
     318
     321
     321
     356
     301
     326
     299
     306
     300
     309
     302
     276
     280
     297
     319
     280
     233
     289
     283
     276
     284
     273
     315
     282
     239
     246
     248
     269
     239
     240
     264
     242
     240
     227
     219
     214
     228
     188
     226
     205
     183
     214
     199
     206
     197
     178
     186
     162
     213
     172
     186
     199
     206
     160
     181
     177
     174
     173
     185
     164
     168
     168
     164
     167
     146
     180
     166
     166
     197
     160
     177
     169
     156
     189
     168
     155
     172
     171
     146
     154
     145
     147
     164
     158
     165
     141
     155
     132
     148
     139
     136
     159
     139
     136
     139
     142
     143
     155
     157
     152
     136
     140
     149
     148
     140
     123
     143
     126
     136
     139
     145
     137
     135
     135
     130
     117
     128
     133
     134
     131
     166
     149
     127
     131
     132
     135
     127
     136
     124
     136
     147
     134
     146
     148
     118
     140
     148
     152
     155
     148
     156
     145
     130
     136
     160
     158
     130
     149
     145
     149
     152
     170
     159
     140
     164
     164
     161
     179
     165
     158
     178
     166
     151
     185
     176
     152
     170
     178
     177
     196
     157
     161
     170
     156
     166
     159
     172
     170
     157
     155
     159
     183
     143
     153
     142
     169
     135
     142
     133
     155
     158
     134
     151
     141
     147
     116
     140
     137
     114
     107
     105
     114
     107
      94
      95
     115
     109
     110
     100
      93
      77
      86
      79
      78
      79
      91
      87
      77
      90
      71
      74
      96
      77
      73
      80
      69
      77
      83
      67
      76
      80
      57
      60
      77
      74
      57
      53
      73
      66
      74
      51
      59
      71
      65
      44
      77
      61
      77
      68
      60
      76
      58
      61
      85
      61
      67
      69
      58
      57
      52
      65
      61
      53
      60
      67
      69
      44
      62
      49
      61
      51
      67
      49
      86
      58
      53
      58
      55
      55
      61
      66
      64
      55
      53
      60
      62
      55
      56
      52
      71
      56
      62
      51
      53
      47
      55
      62
      62
      61
      53
      41
      64
      55
      66
      61
      51
      51
      54
      67
      45
      65
      51
      65
      50
      67
      62
      58
      42
      62
      54
      50
      64
      63
      49
      72
      57
      61
      59
      62
      52
      52
      55
      56
      57
      48
      52
      40
      59
      50
      61
      51
      46
      45
      51
      44
      44
      43
      60
      51
      45
      56
      37
      41
      44
      44
      43
      42
      44
      35
      35
      34
      44
      37
      36
      41
      52
      30
      51
      49
      41
      42
      35
      29
      42
      22
      39
      34
      41
      33
      44
      34
      36
      32
      42
      40
      46
      39
      30
      37
      46
      42
      41
      31
      41
      39
      36
      56
      45
      43
      37
      39
      43
      38
      41
      44
      55
      41
      60
      51
      72
      68
      63
      50
      60
      57
      66
      54
      66
      62
      65
      54
      87
      69
      83
      68
      78
      86
      76
      90
      88
      91
      95
     102
     100
      95
     110
      98
     102
     107
      93
     103
     107
     122
     125
     141
     131
     124
     127
     123
     131
     117
     138
     123
     139
     124
     138
     136
     112
     133
     134
     122
     120
     119
     159
     132
     122
     121
     119
     100
     127
     120
     123
      91
      93
     106
      78
      90
      92
      84
      93
      74
      88
      91
      89
      63
      65
      79
      78
      61
      73
      76
      61
      73
      59
      73
      60
      53
      67
      68
      67
      74
      69
      47
      67
      53
      59
      54
      60
      61
      69
      76
      82
      82
      66
      59
      65
      71
      59
      80
      84
      97
      67
      86
      88
      88
      91
      99
      92
     105
      98
     103
      79
     102
      97
     101
     104
     104
     108
      95
     113
     103
     100
     105
     106
      97
     103
     109
     111
     128
      96
      99
      99
      97
      98
     105
      95
      99
      80
      78
      96
     106
      92
      82
      97
      69
      74
      83
      76
      69
      93
      77
      77
      83
      71
      71
      70
      78
      73
      62
      83
      65
      61
      63
      60
      68
      57
      69
      65
      69
      75
      60
      62
      54
      59
      54
      69
      56
      56
      72
      55
      56
      52
      64
      64
      73
      62
      65
      51
      56
      71
      61
      60
      67
      64
      55
      63
      62
      44
      53
      54
      50
      50
      52
      42
      44
      54
      47
      46
      38
      36
      46
      32
      43
      41
      32
      48
      26
      25
      28
      31
      36
      30
      24
      28
      30
      19
      27
      32
      30
      21
      22
      20
      19
      19
      12
      18
      14
       6
      13
      13
      13
      18
      14
      12
      11
      24
       7
      11
      12
      16
      10
      11
      14
      10
      12
       8
      12
      11
       6
       7
       5
      10
       8
       5
      10
       9
       8
       8
       6
      10
       9
       3
       9
      11
       9
       1
      10
       9
       7
      10
      10
       6
       9
       7
      11
      11
       6
       4
      10
      11
       4
      13
       8
      11
      15
       5
       8
       9
       5
       8
      11
       9
       5
      10
      14
       6
       7
       7
      10
       8
      10
      13
       4
      11
       7
      15
      14
      11
      10
      13
      13
      15
       8
      10
       5
      11
      16
      11
      13
      13
       5
      13
      16
       9
      14
       6
      11
       6
      10
      14
      12
      10
       9
       8
      12
      11
       7
      17
      13
       5
      11
      22
      11
      13
      10
       6
      16
      11
      13
       5
       6
      11
      13
      10
       8
       6
      11
      10
      12
      11
       6
      16
      10
      13
       5
      13
      11
       6
      16
       8
      11
       8
      10
      10
       8
      12
      14
       6
      11
      10
       5
       8
       8
       7
       4
      11
       8
       6
       6
       3
       7
       5
       9
       3
       7
       3
       3
       8
       8
       3
       6
       4
       6
       7
       3
       4
       7
       4
       4
       1
       5
       6
       2
       3
       8
       5
       6
       5
       5
       6
       0
       2
       3
       3
       4
       2
       4
       2
       8
$ROI:
4
10 146
279 400
564 664
667 763
$PRESETS:
None
0
0
$ENER_FIT:
13287.087891 -38.223091
$MCA_CAL:
3
1.328709E+004 -3.822309E+001 3.013393E-002 keV
$SHAPE_CAL:
3
-3.726818E+002 1.312310E+000 -1.046320E-003
