$SPEC_ID:
No sample description was entered.
$SPEC_REM:
DET# 2
DETDESC# SPACESCIENCE8 digiBASE-RH SN 15121449
AP# Maestro Version 7.01
$DATE_MEA:
10/21/2025 12:51:08
$MEAS_TIM:
59 59
$DATA:
0 1023
       0
       0
       0
       0
       0
       0
       0
       0
       0
       0
      67
     787
    1162
    1370
    1682
    2306
    3149
    4016
    5095
    6064
    6940
    7463
    7973
    7749
    7441
    6720
    5683
    4646
    3655
    2747
    2039
    1431
    1031
     642
     436
     288
     205
     135
     100
      88
      69
      74
      69
      68
      56
      59
      55
      53
      49
      57
      43
      62
      38
      40
      38
      31
      46
      36
      35
      37
      36
      31
      34
      27
      30
      30
      45
      31
      27
      31
      22
      34
      25
      32
      25
      21
      30
      25
      17
      23
      25
      21
      23
      21
      24
      27
      19
      25
      21
      14
      15
      22
      18
      15
      22
      18
      17
      21
      22
      21
      21
      13
       8
      16
      13
      16
      14
      13
      18
       9
      13
      16
      14
      17
      19
      25
      14
      19
      14
      13
      14
       9
      18
       9
       5
      12
      10
      15
       9
       9
      11
      16
       9
      15
       8
       7
      10
      18
      12
       5
       3
       7
       5
       4
       7
       8
      11
       6
       8
       6
      15
      12
      10
      11
      17
       4
       6
       9
      10
       7
       7
       5
       8
       8
      12
      10
       1
       7
       3
      10
       8
       2
       5
       7
       6
       4
       5
       7
       3
       4
       8
       3
       7
       6
       1
       5
       5
       1
       8
       4
       6
       7
       2
       4
       3
       6
       5
       6
       4
       4
       2
       8
       4
       6
       3
       5
       6
       5
       5
       5
       5
       6
      10
       4
       8
       1
       5
       4
       2
       2
       3
       4
       6
       3
       7
       4
       1
       5
       5
       3
       4
       6
       4
       2
       9
       3
       3
       4
       8
       4
       4
       4
       5
       4
       6
       4
       6
       3
       5
       5
       4
       5
       6
       5
       4
       7
       8
       5
       6
      10
       6
       4
       2
       4
       4
       2
       0
       2
       1
       5
       3
       1
       2
       2
       4
       2
       5
       4
       4
       2
       4
       5
       2
       3
       4
      10
       3
       3
       7
       3
       3
       0
       2
       3
       4
       3
       3
       2
       3
       4
       0
       1
       3
       2
       1
       5
       2
       3
       2
       2
       2
       6
       0
       2
       1
       3
       0
       1
       1
       2
       3
       2
       1
       2
       3
       3
       2
       2
       4
       1
       1
       3
       1
       1
       3
       1
       4
       3
       1
       1
       0
       0
       4
       0
       1
       1
       0
       2
       2
       3
       0
       2
       1
       0
       3
       0
       2
       0
       0
       4
       1
       0
       1
       3
       4
       2
       0
       2
       3
       3
       1
       2
       2
       1
       4
       1
       0
       0
       1
       2
       0
       3
       0
       1
       2
       4
       0
       5
       2
       0
       3
       4
       3
       3
       4
       0
       0
       1
       1
       1
       2
       1
       1
       2
       0
       1
       5
       1
       1
       1
       2
       2
       0
       2
       3
       1
       1
       1
       2
       1
       0
       0
       0
       2
       2
       1
       0
       0
       0
       2
       1
       0
       1
       1
       4
       0
       0
       2
       1
       1
       1
       2
       0
       1
       1
       2
       1
       2
       1
       2
       2
       1
       0
       0
       1
       2
       2
       0
       0
       0
       1
       0
       1
       1
       0
       1
       0
       1
       1
       1
       3
       3
       2
       1
       0
       1
       2
       2
       2
       1
       0
       0
       2
       4
       1
       0
       2
       1
       2
       1
       2
       1
       1
       0
       1
       2
       0
       2
       2
       0
       0
       0
       2
       3
       0
       2
       0
       2
       0
       1
       2
       0
       1
       2
       2
       1
       0
       0
       1
       1
       1
       0
       0
       1
       1
       0
       1
       0
       1
       1
       1
       0
       4
       1
       2
       0
       2
       3
       1
       0
       2
       1
       0
       1
       1
       0
       0
       2
       1
       0
       0
       2
       1
       0
       1
       0
       0
       0
       1
       0
       1
       1
       0
       1
       0
       1
       2
       1
       1
       0
       0
       1
       3
       1
       1
       0
       0
       1
       0
       1
       0
       1
       2
       0
       1
       1
       1
       0
       0
       0
       0
       0
       2
       2
       0
       1
       2
       2
       1
       2
       1
       1
       1
       2
       1
       1
       2
       0
       1
       1
       2
       1
       4
       1
       1
       5
       2
       2
       2
       2
       0
       0
       2
       5
       1
       2
       1
       1
       3
       1
       4
       2
       3
       5
       2
       2
       5
       4
       4
       1
       1
       3
       2
       3
       1
       1
       2
       1
       2
       3
       3
       1
       0
       1
       0
       5
       1
       1
       2
       0
       3
       0
       1
       0
       2
       1
       2
       0
       3
       2
       1
       0
       1
       0
       0
       0
       0
       0
       2
       0
       0
       1
       1
       0
       0
       1
       1
       0
       1
       0
       1
       2
       0
       0
       1
       0
       0
       0
       0
       0
       0
       0
       0
       0
       0
       1
       0
       0
       0
       1
       0
       0
       1
       0
       1
       0
       0
       0
       0
       0
       1
       0
       1
       0
       0
       1
       0
       0
       0
       0
       0
       0
       0
       0
       0
       0
       1
       0
       0
       0
       0
       0
       2
       2
       0
       0
       0
       1
       0
       0
       0
       1
       0
       0
       1
       1
       0
       0
       1
       0
       0
       0
       0
       1
       1
       2
       0
       0
       2
       0
       0
       0
       2
       0
       1
       1
       0
       0
       0
       0
       0
       0
       0
       1
       0
       3
       2
       1
       0
       0
       1
       1
       1
       0
       0
       0
       0
       0
       0
       0
       0
       1
       0
       0
       1
       1
       0
       0
       0
       0
       0
       0
       1
       0
       0
       0
       0
       0
       0
       0
       0
       0
       1
       0
       0
       0
       0
       0
       0
       0
       0
       0
       0
       0
       0
       0
       0
       0
       0
       0
       0
       0
       0
       0
       0
       0
       0
       0
       1
       0
       0
       0
       0
       0
       0
       0
       0
       0
       0
       0
       0
       0
       0
       0
       0
       1
       1
       0
       0
       0
       0
       0
       0
       1
       0
       0
       0
       0
       0
       0
       0
       0
       0
       1
       0
       0
       0
       0
       0
       0
       0
       1
       0
       0
       1
       1
       0
       0
       0
       1
       0
       0
       1
       0
       0
       1
       0
       1
       0
       0
       0
       0
       0
       0
       0
       0
       0
       0
       0
       0
       0
       0
       0
       0
       0
       1
       0
       0
       0
       0
       1
       0
       0
       0
       0
       0
       0
       0
       1
       0
       1
       0
       0
       0
       0
       0
       1
       0
       2
       0
       0
       2
       0
       0
       0
       0
       1
       0
       0
       0
       1
       0
       0
       0
       0
       0
       0
       0
       0
       0
       0
       0
       0
       0
       0
       0
       0
       0
       0
       0
       0
       0
       1
       0
       0
       0
       0
       0
       0
       0
       0
       0
       0
       0
       0
       0
       0
       0
       0
       0
       0
       0
       0
       0
       0
       0
       0
       0
       0
       0
       1
       0
       1
       0
       0
       0
       0
       0
       0
       0
       0
       0
       0
       0
$ROI:
0
$PRESETS:
None
0
0
$ENER_FIT:
0.000000 2.205567
$MCA_CAL:
3
0.000000E+000 2.205567E+000 0.000000E+000 keV
$SHAPE_CAL:
3
0.000000E+000 0.000000E+000 0.000000E+000
