$SPEC_ID:
No sample description was entered.
$SPEC_REM:
DET# 2
DETDESC# SPACESCIENCE8 digiBASE-RH SN 15121449
AP# Maestro Version 7.01
$DATE_MEA:
10/21/2025 12:49:31
$MEAS_TIM:
59 59
$DATA:
0 1023
       0
       0
       0
       0
       0
       0
       0
       0
       0
       0
      87
     824
    1115
    1297
    1717
    2381
    2986
    3798
    4813
    5811
    6623
    7096
    7303
    7459
    6874
    6352
    5393
    4521
    3638
    2829
    2011
    1415
     966
     640
     436
     290
     211
     133
     108
      77
      83
      71
      59
      66
      65
      52
      56
      60
      59
      41
      37
      42
      35
      43
      33
      29
      34
      33
      40
      25
      32
      32
      28
      34
      35
      36
      39
      33
      32
      23
      23
      36
      28
      21
      23
      28
      20
      23
      30
      25
      29
      27
      16
      21
      19
      28
      22
      19
      23
      18
      26
      21
      13
      19
      15
      22
      23
      14
      20
      21
      20
      24
       9
      23
      12
      19
      24
      11
      13
      16
      18
      13
      11
      14
      14
      17
      18
      17
      14
      16
       9
      13
      10
      17
      12
      17
      11
      14
      15
      15
       6
      12
       9
      17
       9
       5
       6
      10
      15
      12
       8
      11
       8
      13
      12
       5
      16
       5
      11
       8
       7
      11
       5
       9
      12
       4
       8
      13
      10
      11
       7
       1
       3
       6
       7
       4
      11
       7
      10
       5
       9
       5
       7
       8
       2
       6
       4
       7
       4
       6
       4
      10
       5
      12
      10
       6
       5
       2
       5
       6
       7
       1
       5
       3
       4
       7
       7
       4
       6
       4
       5
       6
       4
       5
       6
       7
       3
       3
       2
       3
       2
       3
       3
       7
       3
       3
       3
       3
       7
       4
       5
       3
       3
       2
       2
       1
       6
       6
       6
       3
       5
       4
       8
       4
       4
       3
       2
       4
       3
       4
       1
       2
       1
       1
       3
       6
       2
       2
       6
       4
       9
       5
       2
       4
       3
       8
       3
       6
       4
       6
       3
       4
       6
       6
       2
       3
       6
       3
       8
       5
       7
       5
       1
       4
       3
       4
       2
       3
       7
       2
       3
       1
       6
       2
       3
       2
       4
       1
       0
       2
       0
       2
       4
       1
       1
       3
       4
       0
       3
       1
       3
       2
       2
       5
       0
       0
       2
       2
       3
       4
       1
       3
       2
       2
       1
       2
       1
       0
       3
       3
       6
       2
       5
       4
       1
       2
       1
       3
       3
       4
       2
       3
       2
       0
       4
       3
       3
       1
       5
       2
       2
       2
       1
       1
       3
       1
       0
       1
       4
       3
       0
       1
       3
       0
       1
       4
       0
       0
       0
       0
       1
       1
       5
       3
       3
       3
       1
       1
       1
       3
       2
       1
       3
       2
       1
       2
       1
       0
       2
       1
       2
       3
       0
       4
       2
       1
       4
       0
       3
       2
       2
       0
       6
       0
       4
       3
       0
       2
       1
       1
       3
       3
       2
       4
       1
       1
       2
       0
       0
       3
       1
       2
       4
       0
       1
       0
       1
       1
       2
       2
       1
       1
       0
       0
       2
       2
       2
       1
       3
       2
       1
       1
       1
       4
       3
       1
       2
       2
       1
       3
       0
       0
       2
       1
       1
       2
       1
       1
       2
       2
       1
       1
       2
       1
       5
       1
       1
       1
       0
       1
       1
       3
       1
       1
       1
       2
       1
       0
       0
       1
       0
       1
       3
       0
       2
       1
       3
       0
       3
       0
       1
       1
       0
       0
       1
       2
       1
       2
       3
       3
       3
       3
       1
       0
       2
       3
       3
       3
       2
       0
       4
       1
       1
       3
       4
       1
       1
       1
       0
       1
       3
       1
       3
       2
       1
       1
       1
       0
       2
       0
       3
       1
       0
       2
       2
       3
       2
       0
       0
       2
       0
       1
       1
       1
       0
       2
       0
       0
       1
       1
       2
       2
       1
       1
       0
       0
       0
       2
       1
       0
       0
       0
       0
       1
       0
       0
       1
       0
       1
       1
       0
       1
       0
       0
       0
       0
       0
       0
       1
       0
       0
       0
       0
       0
       2
       0
       2
       0
       1
       0
       1
       1
       0
       1
       1
       0
       0
       1
       0
       0
       3
       0
       3
       0
       3
       2
       1
       1
       0
       2
       1
       2
       1
       1
       2
       2
       0
       1
       1
       1
       1
       1
       1
       1
       4
       1
       0
       0
       2
       1
       2
       2
       5
       1
       3
       1
       3
       1
       1
       3
       3
       2
       0
       1
       2
       1
       0
       3
       1
       2
       3
       3
       2
       2
       2
       4
       1
       2
       0
       2
       2
       0
       0
       2
       2
       1
       1
       2
       0
       2
       0
       2
       2
       0
       4
       0
       3
       1
       0
       0
       2
       0
       1
       0
       1
       1
       0
       1
       0
       1
       1
       0
       2
       0
       2
       0
       0
       1
       2
       1
       2
       0
       0
       1
       1
       0
       1
       0
       1
       1
       0
       1
       0
       0
       0
       0
       0
       1
       0
       0
       0
       0
       0
       0
       0
       0
       0
       0
       0
       0
       0
       0
       0
       3
       0
       0
       0
       0
       0
       0
       0
       0
       1
       0
       1
       1
       0
       4
       0
       1
       0
       1
       1
       0
       0
       0
       0
       0
       2
       1
       1
       0
       1
       0
       1
       0
       0
       0
       2
       0
       1
       1
       0
       0
       0
       1
       2
       0
       1
       1
       2
       0
       0
       0
       0
       0
       0
       0
       0
       2
       0
       1
       0
       1
       1
       1
       0
       1
       1
       0
       0
       0
       1
       0
       0
       0
       0
       0
       0
       0
       1
       0
       1
       1
       0
       0
       1
       0
       0
       0
       0
       1
       1
       0
       0
       0
       0
       1
       0
       0
       0
       0
       0
       0
       0
       1
       0
       0
       0
       0
       0
       0
       0
       0
       0
       0
       0
       0
       0
       0
       0
       0
       0
       0
       0
       0
       0
       0
       0
       0
       0
       0
       0
       0
       0
       0
       0
       0
       0
       0
       1
       0
       0
       0
       0
       0
       0
       0
       0
       0
       0
       0
       0
       0
       0
       0
       0
       0
       0
       1
       0
       0
       1
       0
       0
       0
       0
       0
       0
       0
       0
       0
       1
       0
       0
       0
       0
       0
       0
       0
       0
       0
       0
       0
       1
       1
       1
       0
       0
       0
       0
       0
       0
       0
       1
       0
       0
       0
       1
       0
       0
       0
       0
       0
       0
       1
       0
       0
       0
       0
       0
       0
       0
       0
       1
       0
       0
       0
       0
       0
       0
       0
       0
       0
       0
       0
       1
       0
       0
       0
       0
       0
       0
       0
       0
       0
       0
       0
       0
       0
       0
       1
       0
       0
       0
       0
       0
       0
       0
       0
       1
       0
       0
       0
       0
       0
       1
       0
       0
       1
       0
       1
       1
       0
       0
       0
       0
       0
       0
       0
       0
       1
       0
       0
       0
       0
       0
       1
       0
       0
       1
       0
       1
       0
       0
       0
       0
       0
       0
       0
       0
       0
       0
       0
       0
       0
       0
       0
       0
       1
       0
       0
       0
       0
$ROI:
0
$PRESETS:
None
0
0
$ENER_FIT:
0.000000 2.205567
$MCA_CAL:
3
0.000000E+000 2.205567E+000 0.000000E+000 keV
$SHAPE_CAL:
3
0.000000E+000 0.000000E+000 0.000000E+000
