$SPEC_ID:
No sample description was entered.
$SPEC_REM:
DET# 2
DETDESC# SPACESCIENCE8 digiBASE-RH SN 15121449
AP# Maestro Version 7.01
$DATE_MEA:
10/21/2025 11:35:14
$MEAS_TIM:
652 652
$DATA:
0 1023
       0
       0
       0
       0
       0
       0
       0
       0
       0
       0
      15
     147
     180
     223
     242
     251
     270
     280
     295
     358
     362
     415
     452
     478
     452
     487
     539
     545
     608
     636
     641
     635
     661
     699
     639
     587
     618
     641
     609
     575
     570
     565
     515
     531
     506
     524
     461
     489
     477
     465
     426
     445
     424
     446
     397
     415
     374
     419
     369
     343
     358
     362
     337
     356
     337
     329
     343
     316
     301
     331
     333
     313
     313
     317
     317
     281
     279
     286
     269
     283
     274
     281
     259
     258
     228
     250
     238
     256
     216
     239
     237
     222
     237
     225
     225
     243
     223
     198
     191
     210
     196
     211
     185
     200
     183
     198
     191
     187
     180
     192
     200
     164
     161
     179
     164
     169
     161
     165
     150
     150
     174
     129
     127
     130
     126
     154
     146
     144
     121
     122
     117
     124
     133
     137
      93
      97
     108
      84
     126
     101
     128
      96
     103
      98
     100
      90
      86
     117
     131
      98
      96
     110
     108
      77
     101
     106
      78
      95
      92
     100
      76
     100
      92
      81
      86
      73
      69
      63
      79
      69
      68
      76
      59
      64
      63
      72
      70
      65
      71
      66
      68
      55
      63
      73
      55
      50
      46
      55
      69
      59
      63
      60
      55
      60
      59
      60
      61
      58
      50
      53
      55
      51
      48
      50
      47
      36
      50
      46
      61
      47
      56
      48
      43
      50
      36
      59
      56
      57
      38
      49
      49
      50
      43
      53
      48
      41
      51
      49
      35
      45
      38
      55
      40
      38
      51
      39
      54
      49
      49
      38
      43
      34
      48
      48
      49
      51
      50
      50
      42
      50
      56
      54
      45
      47
      48
      46
      50
      46
      52
      49
      45
      47
      42
      35
      53
      38
      51
      43
      46
      55
      55
      45
      50
      63
      39
      43
      35
      37
      45
      37
      39
      41
      30
      31
      30
      39
      36
      39
      32
      24
      28
      34
      37
      33
      28
      32
      20
      25
      21
      26
      33
      26
      26
      22
      26
      21
      25
      23
      25
      21
      15
      25
      18
      22
      30
      17
      29
      22
      21
      30
      37
      21
      16
      24
      25
      24
      20
      22
      22
      21
      22
      24
      21
      28
      24
      28
      20
      17
      22
      21
      26
      21
      19
      26
      30
      30
      21
      21
      24
      20
      21
      23
      24
      22
      24
      21
      22
      26
      16
      11
      19
      20
      28
      16
      22
       9
      12
      24
      25
      21
      18
      12
      18
      18
      16
      11
      17
      22
      13
      14
      19
      21
      18
      24
      22
      16
      21
      17
      23
      16
      11
      30
      17
      22
      12
      13
      20
      21
      15
      17
      28
      12
      12
      22
      22
      16
      21
      25
      17
      12
      13
      22
      20
      13
      14
      18
      13
      16
      23
      19
      18
      24
      21
      24
      14
      15
      21
      23
      23
      20
      16
      16
      20
      21
      18
       8
      15
      15
      19
      19
      14
      19
      15
      13
      12
       8
      11
      14
      19
      18
      16
      13
      15
      14
      16
      13
      12
      17
      13
      13
      11
      15
       7
      13
       8
      13
      16
      10
      10
      13
      12
      13
      12
       6
       9
      14
      17
      15
      11
      17
      17
      14
      11
      12
      11
       9
      13
      15
      11
      14
      17
      13
       7
      13
      16
      12
      10
      16
      15
      10
      11
       9
      19
      14
      10
      12
      13
       7
       9
       9
       9
      14
      13
      10
      18
      13
      21
      19
       9
       6
      14
      15
      10
      13
      11
      11
      17
      15
       7
       7
       7
      13
      11
      12
      12
      10
      10
      13
       5
       6
       9
      12
       9
      11
       9
      11
      12
      11
       3
       8
      11
      14
       8
       7
       5
      12
       6
      10
      11
      13
       9
      11
      10
       7
      10
       6
       7
       8
      13
      11
       4
       8
       9
      11
      10
      10
       3
       8
       7
       6
       6
       7
       7
       5
      12
       8
       6
       6
       7
       8
       7
      11
       5
      10
       6
       7
      15
       7
       5
      13
       8
       7
       9
       9
      12
       1
      10
       7
      12
      11
      13
      11
      10
      13
      11
      12
      13
      12
      14
      10
      11
      11
      10
      15
      13
      17
      18
      16
      25
      20
      14
      16
      13
      21
      20
      23
      17
      14
      19
      23
      24
      23
      25
      27
      20
      21
      24
      26
      15
      29
      26
      31
      22
      30
      18
      31
      14
      27
      18
      22
      29
      33
      15
      14
      26
      20
      22
      17
      13
      18
      18
      16
      22
      15
      11
      21
      14
      14
      13
      17
      15
       5
      12
      13
      12
       9
      10
       4
      10
      11
       6
       7
       7
       8
       3
       7
       5
       4
       7
       4
       3
       3
       4
       3
       4
       1
       5
       2
       3
       5
       3
       1
       4
       6
       6
       1
       4
       3
       3
       4
       1
       3
       3
       7
       5
       4
       6
       4
       4
       7
       5
       5
       3
       1
       3
       1
       7
       3
       6
       7
       2
       7
       5
       8
       6
       3
       4
       2
       2
       1
       4
       2
       4
       6
       5
       3
       4
       2
       6
       1
       5
       6
       6
       6
       7
       4
       9
       2
       6
       4
       5
       3
       6
       2
       5
       1
       3
       6
       5
       6
       6
       6
       2
       9
       5
       8
       5
       4
       7
       4
       4
       1
       3
       7
       4
       4
       1
       6
       5
       8
       6
       1
       7
       1
       5
       3
       2
       5
       2
       7
       7
       1
       2
       0
       3
       3
       3
       4
       3
       0
       4
       5
       2
       0
       3
       3
       4
       1
       4
       1
       3
       2
       2
       3
       1
       3
       4
       2
       2
       0
       1
       0
       2
       1
       0
       0
       2
       0
       2
       3
       1
       0
       1
       0
       1
       2
       2
       1
       0
       0
       0
       1
       2
       0
       1
       0
       1
       1
       1
       1
       2
       0
       1
       1
       1
       1
       0
       1
       1
       2
       2
       0
       2
       1
       2
       3
       0
       0
       2
       0
       0
       0
       1
       3
       3
       1
       0
       0
       1
       1
       1
       2
       1
       0
       0
       2
       1
       0
       1
       2
       1
       1
       3
       2
       2
       2
       1
       4
       1
       0
       2
       1
       0
       1
       2
       1
       1
       0
       3
       1
       2
       0
       1
       1
       1
       1
       0
       3
       3
       0
       0
       0
       1
       0
       1
       0
       2
       0
       4
       2
       0
       3
       2
       3
       1
       3
       0
       3
       1
       3
       0
       8
       2
       1
       2
       3
       7
       1
       1
       2
       2
       1
       1
       3
       1
       0
       4
       2
       2
       1
       1
       3
       3
       1
       3
       4
       2
       3
       0
       4
       4
       2
       2
       2
       4
       3
       0
       1
       2
       2
       5
       5
       3
       3
       0
       1
       0
       4
       0
       4
       1
       1
       3
       2
       0
       0
       0
       1
       2
       2
       2
       0
       1
       1
$ROI:
0
$PRESETS:
None
0
0
$ENER_FIT:
0.000000 2.205567
$MCA_CAL:
3
0.000000E+000 2.205567E+000 0.000000E+000 keV
$SHAPE_CAL:
3
0.000000E+000 0.000000E+000 0.000000E+000
