$SPEC_ID:
No sample description was entered.
$SPEC_REM:
DET# 2
DETDESC# SPACESCIENCE8 digiBASE-RH SN 15121449
AP# Maestro Version 7.01
$DATE_MEA:
10/21/2025 12:53:56
$MEAS_TIM:
59 60
$DATA:
0 1023
       0
       0
       0
       0
       0
       0
       0
       0
       0
       0
      97
     880
    1258
    1493
    1909
    2521
    3401
    4299
    5319
    6478
    7295
    7662
    7993
    7926
    7404
    6460
    5498
    4484
    3449
    2547
    1808
    1385
     914
     606
     386
     253
     184
     143
      84
      95
      69
      68
      65
      62
      52
      65
      64
      53
      34
      40
      48
      46
      53
      41
      40
      32
      52
      42
      33
      27
      29
      44
      31
      41
      35
      27
      27
      29
      24
      30
      29
      27
      21
      22
      20
      25
      22
      29
      19
      30
      27
      23
      38
      30
      29
      20
      29
      19
      19
      17
      34
      14
      18
      17
      18
      19
      18
      17
      23
      18
      22
      18
      27
      18
      12
      24
      19
      10
      14
      14
      21
      10
      20
      17
      18
      11
      13
      10
      12
      15
      10
      13
      19
      21
       6
      12
      10
      11
       8
      15
       7
      13
      14
       8
       7
       8
      10
      11
      10
       7
      12
      13
      11
      11
       6
       9
       5
      12
      15
       9
      13
       6
      12
      11
       6
      11
      10
       5
       4
      12
       9
       8
       4
       9
       7
       4
       6
       7
       5
       9
       5
       5
       4
       6
       5
       6
       5
       6
       4
       7
       2
       7
      10
       7
       8
       2
       6
       8
       0
       6
       4
       5
       6
       3
       3
       6
       7
       4
       7
       1
       7
       5
       5
       2
       3
       4
       7
       1
       5
       7
       4
       7
       6
       4
       3
       7
       6
       5
       6
       2
       8
       2
       8
       3
       3
       3
       1
       7
       6
       2
       1
       3
       4
       2
       3
       5
       3
       3
       4
       6
       6
       7
       8
       5
       2
       8
       5
       2
       5
       8
       5
       6
       5
       3
       5
       8
       6
       5
       6
       6
       5
       5
       3
       5
       0
       4
       2
       2
       8
       4
       4
       5
       5
       2
       3
       3
       3
       5
       5
       5
       1
       1
       2
       4
       1
       7
       3
       1
       4
       5
       4
       3
       1
       3
       3
       2
       2
       3
       0
       5
       2
       6
       4
       5
       0
       5
       3
       2
       6
       2
       4
       1
       2
       0
       2
       4
       3
       2
       0
       3
       2
       2
       1
       3
       4
       6
       0
       2
       4
       5
       1
       2
       0
       1
       3
       2
       1
       3
       0
       0
       0
       2
       4
       4
       3
       1
       0
       1
       0
       1
       2
       3
       1
       2
       2
       4
       5
       2
       4
       2
       0
       3
       2
       3
       2
       3
       0
       1
       2
       0
       1
       0
       1
       2
       2
       3
       2
       1
       1
       2
       0
       5
       1
       1
       2
       0
       3
       1
       1
       4
       1
       3
       2
       2
       1
       0
       2
       2
       3
       3
       4
       1
       3
       1
       1
       4
       2
       3
       2
       4
       1
       1
       2
       1
       0
       2
       0
       2
       2
       0
       2
       3
       2
       0
       0
       1
       3
       3
       2
       2
       2
       2
       0
       1
       0
       3
       0
       1
       2
       0
       2
       1
       0
       6
       2
       3
       0
       0
       0
       1
       0
       0
       0
       2
       2
       3
       2
       1
       1
       1
       1
       1
       1
       0
       3
       1
       1
       0
       2
       1
       4
       0
       0
       2
       2
       0
       1
       0
       1
       2
       3
       1
       1
       3
       1
       0
       1
       4
       0
       2
       0
       2
       0
       2
       1
       4
       1
       1
       1
       2
       5
       2
       0
       1
       1
       0
       1
       0
       2
       1
       2
       0
       1
       0
       0
       1
       2
       0
       0
       1
       2
       2
       1
       2
       1
       0
       0
       2
       0
       1
       1
       1
       0
       1
       1
       1
       0
       2
       0
       0
       0
       0
       2
       0
       0
       1
       2
       0
       0
       0
       0
       1
       2
       3
       0
       1
       2
       0
       2
       2
       1
       0
       2
       1
       1
       2
       0
       2
       1
       0
       0
       0
       0
       0
       0
       2
       0
       0
       0
       1
       0
       0
       0
       2
       0
       1
       0
       0
       0
       0
       0
       3
       1
       0
       0
       1
       0
       0
       2
       0
       0
       2
       2
       3
       1
       2
       2
       2
       3
       3
       1
       1
       1
       1
       2
       1
       2
       4
       2
       0
       2
       0
       1
       1
       4
       0
       0
       4
       2
       4
       1
       3
       1
       0
       3
       3
       0
       3
       0
       0
       3
       2
       3
       2
       3
       0
       3
       3
       2
       4
       4
       1
       0
       0
       3
       1
       1
       3
       3
       2
       4
       1
       2
       0
       0
       1
       0
       1
       1
       1
       3
       1
       1
       0
       0
       2
       1
       0
       1
       0
       0
       0
       0
       1
       0
       0
       0
       0
       1
       1
       0
       0
       0
       1
       0
       1
       0
       2
       1
       0
       2
       1
       0
       0
       0
       0
       0
       1
       0
       0
       1
       0
       0
       0
       0
       0
       0
       0
       0
       1
       0
       1
       0
       0
       1
       1
       0
       1
       0
       0
       0
       0
       0
       1
       0
       1
       1
       0
       0
       0
       0
       0
       0
       1
       0
       1
       0
       2
       0
       0
       0
       0
       0
       1
       0
       0
       0
       1
       0
       1
       0
       0
       1
       0
       2
       0
       0
       0
       0
       0
       1
       2
       0
       0
       0
       0
       0
       1
       1
       1
       0
       0
       2
       0
       0
       0
       0
       2
       0
       1
       0
       0
       0
       0
       0
       0
       0
       1
       1
       1
       0
       0
       0
       0
       1
       0
       0
       0
       1
       0
       0
       0
       0
       1
       0
       0
       0
       1
       1
       1
       0
       0
       0
       0
       0
       0
       0
       0
       0
       0
       0
       0
       0
       0
       0
       1
       0
       0
       0
       0
       0
       0
       0
       0
       0
       0
       0
       1
       0
       0
       0
       0
       0
       0
       0
       0
       0
       0
       0
       1
       1
       1
       0
       0
       0
       0
       0
       0
       0
       1
       0
       0
       0
       0
       0
       0
       0
       0
       1
       0
       0
       0
       1
       0
       0
       0
       1
       0
       0
       0
       0
       1
       2
       0
       0
       0
       0
       0
       0
       0
       0
       0
       0
       0
       0
       0
       0
       0
       0
       0
       0
       0
       0
       0
       0
       0
       0
       0
       1
       0
       0
       0
       0
       0
       1
       0
       0
       0
       0
       0
       0
       0
       0
       0
       0
       0
       0
       0
       0
       0
       0
       0
       0
       1
       0
       0
       0
       0
       0
       0
       0
       0
       0
       0
       0
       0
       0
       0
       0
       0
       0
       2
       0
       0
       0
       0
       1
       0
       1
       0
       0
       0
       1
       1
       2
       0
       1
       0
       0
       0
       0
       0
       0
       0
       0
       0
       0
       0
       0
       0
       1
       0
       0
       0
       0
       0
       0
       0
       0
       0
       0
       0
       0
       0
       1
       0
       0
       0
       0
       0
       0
       0
       0
       0
       0
       0
       0
       0
       1
       0
       0
       0
       0
       0
$ROI:
0
$PRESETS:
None
0
0
$ENER_FIT:
0.000000 2.205567
$MCA_CAL:
3
0.000000E+000 2.205567E+000 0.000000E+000 keV
$SHAPE_CAL:
3
0.000000E+000 0.000000E+000 0.000000E+000
