$SPEC_ID:
No sample description was entered.
$SPEC_REM:
DET# 2
DETDESC# SPACESCIENCE8 digiBASE-RH SN 15121449
AP# Maestro Version 7.01
$DATE_MEA:
10/21/2025 12:00:46
$MEAS_TIM:
586 590
$DATA:
0 1023
       0
       0
       0
       0
       0
       0
       0
       0
       0
       0
     496
    5557
    7172
    6513
    5623
    4553
    3776
    2814
    2328
    1868
    1650
    1602
    1458
    1491
    1545
    1535
    1600
    1609
    1612
    1747
    1754
    1814
    1813
    1728
    1808
    1815
    1890
    1821
    1887
    1889
    1823
    1794
    1897
    1854
    1874
    1817
    1873
    1856
    1932
    1825
    1934
    1872
    1892
    1900
    1920
    1973
    1820
    1830
    1797
    1888
    1895
    1818
    1840
    1874
    1904
    1850
    1943
    1978
    1947
    1983
    2085
    2049
    2088
    2067
    2123
    2220
    2221
    2232
    2314
    2331
    2375
    2330
    2328
    2325
    2359
    2306
    2310
    2282
    2244
    2268
    2243
    2201
    2172
    2157
    2013
    2114
    2099
    2014
    1975
    2015
    1961
    1912
    1898
    1918
    1906
    1898
    1880
    1817
    1895
    1811
    1821
    1786
    1813
    1762
    1735
    1712
    1753
    1644
    1682
    1703
    1639
    1669
    1598
    1591
    1568
    1518
    1476
    1435
    1509
    1485
    1428
    1450
    1455
    1453
    1401
    1379
    1430
    1328
    1328
    1311
    1295
    1291
    1328
    1192
    1210
    1177
    1239
    1256
    1243
    1235
    1240
    1175
    1092
    1116
    1108
    1076
    1165
    1070
    1078
    1090
    1090
    1044
    1063
    1043
    1022
     955
    1037
     990
     933
    1024
     969
     917
     945
     925
     903
     987
     941
     927
     936
     867
     840
     897
     918
     868
     834
     823
     882
     822
     832
     805
     794
     829
     795
     714
     766
     768
     753
     695
     692
     743
     665
     721
     634
     620
     616
     641
     578
     562
     594
     595
     561
     520
     489
     495
     473
     470
     411
     435
     427
     374
     381
     407
     373
     370
     320
     313
     320
     304
     276
     342
     295
     286
     278
     263
     261
     263
     296
     278
     288
     294
     321
     305
     349
     357
     336
     382
     408
     405
     448
     506
     546
     592
     648
     743
     723
     927
     948
    1024
    1156
    1360
    1440
    1678
    1891
    2046
    2340
    2566
    2884
    3188
    3531
    3828
    4255
    4679
    5017
    5238
    5765
    6196
    6592
    7002
    7389
    7825
    8051
    8479
    8781
    8967
    9284
    9648
    9770
    9883
    9944
   10036
    9820
   10058
    9914
    9694
    9529
    9123
    9212
    8849
    8616
    8153
    7710
    7373
    7008
    6739
    6183
    5895
    5400
    5087
    4636
    4298
    3778
    3450
    3157
    2999
    2609
    2360
    2098
    1842
    1643
    1431
    1302
    1182
     987
     903
     701
     657
     574
     474
     413
     330
     271
     218
     198
     184
     128
     160
     104
      76
      81
      73
      75
      60
      42
      38
      36
      30
      41
      28
      20
      32
      31
      24
      29
      22
      20
      27
      19
      15
      21
      22
      25
      22
      18
      21
      16
      15
      22
      24
      22
      14
      12
      25
      16
      24
      16
      18
      21
      20
      18
      23
      16
      22
      19
      21
      17
      22
      22
      18
      19
      20
      24
      31
      15
      21
      22
      15
      12
      16
      15
      23
      23
      23
      21
      15
      18
      20
      19
      18
      24
      19
      19
       8
      17
      23
      17
      15
      17
      11
      23
      19
      20
      15
      23
      18
      11
      19
      24
      14
      20
      20
      25
      14
      15
      12
      15
      17
      16
      12
      15
      22
      10
      19
      22
      10
      14
       8
      15
       6
       9
      15
      11
      10
      17
      12
      16
       6
      14
      12
      15
      14
      19
      12
       9
       9
      16
      13
      12
      10
      15
      10
      13
       7
      14
      15
      22
      12
      12
      17
      16
      14
      16
      10
       9
      10
      10
      11
      17
      17
      20
      13
      15
      16
      15
      11
      13
      13
       8
      16
       7
      20
      17
      10
      12
       7
      16
      12
      12
      12
       8
      16
      12
      15
      14
      11
      12
       7
      16
      14
      13
      14
      15
      15
      13
      10
       9
      12
      14
      13
      17
       7
       8
       7
      12
       8
       7
       9
       9
      11
      10
      15
       7
      14
       9
      19
       9
      12
      11
       9
       7
      11
      11
       9
       7
       9
      22
       9
      10
      14
       9
       4
       9
       7
       7
      11
       8
      11
      10
       9
       7
       5
       6
       8
      10
       9
      11
      14
       9
       8
       7
      11
       6
      10
       8
       8
       7
       9
       7
       7
       6
      10
      11
       6
      10
       6
       7
      13
       3
       6
       9
       9
      11
       6
       9
       9
       8
      10
      14
      10
      21
      12
      18
      11
      19
      12
      17
      12
       9
      18
      14
      15
      16
      15
      10
      17
      20
      15
      17
      23
      19
      23
      16
      15
      24
      22
      12
      14
      32
      16
      24
      24
      25
      19
      13
      25
      21
      17
      20
      24
      22
      19
      21
      23
      22
      19
      25
      23
      16
      20
      26
      13
      19
       9
      14
      15
      15
      10
       5
      13
       5
       6
      10
      12
      12
       9
       8
       3
       6
       8
       5
      11
       8
       6
       4
      11
       9
       3
       7
       9
       3
       2
       4
       2
       1
       3
       4
       7
       2
       4
       4
       4
       5
       4
       6
       0
       4
       1
       1
       2
       4
       2
       3
       1
       3
       2
       3
       6
       3
       0
       4
       2
       5
       7
       1
       1
       1
       0
       2
       3
       3
       2
       3
       1
       3
       1
       2
       5
       2
       4
       1
       6
       0
       2
       0
       5
       1
       1
       0
       2
       4
       2
       5
       7
       5
       1
       2
       3
       6
       5
       0
       1
       2
       2
       3
       4
       4
       2
       3
       7
       5
       3
       3
       0
       3
       9
       1
       2
       5
       5
       4
       2
      10
       8
       4
       3
       4
       5
       6
       1
       7
       9
       5
       4
       3
       2
       3
       4
       3
       6
       3
       0
       0
       5
       1
       3
       1
       2
       4
       6
       2
       2
       2
       4
       2
       5
       2
       0
       1
       1
       5
       1
       1
       3
       2
       3
       0
       6
       1
       3
       2
       0
       2
       1
       1
       2
       1
       3
       1
       0
       1
       2
       2
       1
       3
       4
       3
       2
       1
       1
       0
       0
       2
       2
       3
       2
       0
       1
       1
       0
       0
       2
       1
       2
       0
       0
       2
       1
       0
       2
       1
       1
       1
       1
       1
       2
       0
       1
       1
       1
       0
       2
       1
       1
       0
       0
       1
       1
       1
       1
       0
       2
       0
       0
       3
       2
       1
       0
       1
       1
       0
       1
       1
       0
       3
       1
       3
       1
       0
       2
       4
       0
       0
       0
       1
       2
       2
       0
       0
       1
       2
       0
       3
       1
       1
       1
       3
       2
       2
       1
       5
       3
       1
       3
       0
       2
       0
       2
       3
       1
       1
       0
       1
       2
       1
       0
       2
       3
       2
       1
       2
       3
       3
       2
       3
       2
       0
       5
       3
       1
       1
       0
       1
       0
       2
       0
       1
       1
       0
       1
       1
       1
       2
       4
       1
       2
       4
       0
       4
       2
       2
       2
       2
       1
       0
       2
       0
       1
       5
       0
       2
       1
       2
       0
       3
       1
       1
       1
       1
       4
       0
       0
       1
       0
       0
       0
       0
       2
       3
       1
       1
       0
       1
       1
       0
       1
       0
       2
       3
       1
       2
       1
       1
       2
       2
       2
$ROI:
0
$PRESETS:
None
0
0
$ENER_FIT:
0.000000 2.205567
$MCA_CAL:
3
0.000000E+000 2.205567E+000 0.000000E+000 keV
$SHAPE_CAL:
3
0.000000E+000 0.000000E+000 0.000000E+000
