$SPEC_ID:
No sample description was entered.
$SPEC_REM:
DET# 1
DETDESC# SPACESCIENCE4 digiBASE-RH SN 15121435
AP# Maestro Version 7.01
$DATE_MEA:
10/28/2025 12:32:07
$MEAS_TIM:
710 713
$DATA:
0 1023
       0
       0
       0
       0
       0
       0
       0
       0
       0
       0
       0
       0
       0
       0
       0
     159
    3026
    5002
    4241
    3375
    2618
    2175
    1868
    1632
    1616
    1614
    1564
    1588
    1625
    1752
    1788
    1842
    1771
    1893
    1905
    1899
    1983
    2084
    2079
    2199
    2114
    2182
    2194
    2243
    2223
    2311
    2389
    2350
    2300
    2400
    2478
    2421
    2494
    2508
    2435
    2547
    2543
    2529
    2670
    2574
    2601
    2671
    2631
    2600
    2624
    2561
    2595
    2669
    2508
    2592
    2569
    2534
    2642
    2620
    2617
    2618
    2694
    2656
    2714
    2696
    2789
    2833
    2753
    2851
    2862
    2957
    3051
    2934
    3066
    2985
    2860
    2834
    2899
    2825
    2835
    2872
    2709
    2752
    2738
    2730
    2619
    2733
    2653
    2675
    2550
    2541
    2533
    2489
    2447
    2385
    2417
    2407
    2294
    2288
    2251
    2294
    2231
    2252
    2235
    2218
    2167
    2106
    2075
    2025
    2032
    1995
    1963
    1959
    1980
    1959
    1923
    1924
    1928
    1764
    1765
    1786
    1723
    1759
    1759
    1688
    1718
    1682
    1674
    1551
    1713
    1641
    1531
    1658
    1576
    1574
    1636
    1590
    1547
    1526
    1535
    1544
    1520
    1590
    1494
    1476
    1421
    1532
    1491
    1467
    1401
    1453
    1454
    1457
    1458
    1478
    1435
    1498
    1457
    1455
    1454
    1437
    1447
    1410
    1404
    1424
    1431
    1435
    1327
    1386
    1365
    1371
    1384
    1344
    1425
    1346
    1294
    1359
    1363
    1257
    1186
    1190
    1132
    1180
    1072
    1010
    1084
    1024
     999
     961
     927
     919
     847
     801
     813
     750
     734
     673
     687
     617
     599
     604
     567
     540
     515
     475
     481
     423
     450
     433
     402
     370
     408
     356
     350
     341
     330
     315
     300
     321
     317
     290
     287
     277
     278
     245
     283
     271
     287
     256
     288
     269
     287
     298
     329
     297
     342
     350
     360
     423
     425
     471
     510
     537
     641
     645
     761
     778
     938
     956
    1077
    1148
    1331
    1397
    1554
    1713
    1811
    1938
    2060
    2200
    2391
    2537
    2772
    2873
    2934
    3105
    3300
    3377
    3398
    3530
    3607
    3673
    3598
    3675
    3736
    3698
    3663
    3602
    3537
    3474
    3377
    3343
    3230
    3043
    2918
    2936
    2711
    2599
    2510
    2335
    2227
    2094
    2020
    1859
    1821
    1621
    1601
    1455
    1340
    1319
    1153
    1042
    1046
    1042
     923
     902
     827
     763
     752
     648
     606
     605
     527
     575
     485
     443
     417
     396
     399
     371
     334
     307
     261
     240
     252
     252
     220
     199
     169
     169
     179
     155
     116
     114
     140
      94
      80
      71
      87
      97
      72
      71
      65
      57
      52
      40
      38
      40
      40
      28
      36
      36
      32
      33
      23
      24
      29
      22
      12
      26
      20
      12
      12
      18
      19
      15
      15
      17
      15
      20
      15
      12
       6
      12
      15
      14
       6
      13
      13
      13
       9
      10
      15
      13
      10
      12
      10
      14
       9
      14
      17
      13
      11
      21
       7
      15
       6
       7
      21
      13
      10
      13
      11
      11
       6
       8
      12
       6
       7
       8
      16
      13
      10
      15
      13
       5
       7
      10
       8
      11
       8
       5
      17
       8
      13
       6
       9
      14
      11
       6
      10
      12
      10
      16
       5
      12
       8
       2
      10
       6
      12
       9
       8
      12
       8
      10
       6
       5
       7
       7
       8
       5
       9
       8
       5
       7
      13
       7
       7
      12
      15
       5
       3
      11
       6
       9
      12
      13
      12
      11
       9
       6
       3
       3
       9
       6
       9
      11
       5
       8
       7
       9
       6
       7
       8
      11
       9
       9
      10
       5
       5
       8
       6
       7
       3
       8
       6
       7
       2
       2
       6
      11
       3
       4
      10
       8
       7
       6
       8
       5
      10
       7
       8
       7
       7
       6
       8
       3
       3
       7
       6
       5
       8
       9
       5
       7
       5
       2
       5
       3
       7
       8
       4
       5
       2
       3
       6
       4
       9
       7
       5
       5
       5
       7
       7
      10
       4
       6
       3
       8
       4
       4
       5
       5
       2
       5
       5
       9
       4
       8
       6
       7
       2
       5
       5
       6
       7
       2
       2
       2
       4
       6
       5
       6
       6
       6
       3
       6
       9
       7
       7
       5
       0
       7
       4
       4
       7
       9
       6
       0
       8
       5
       7
       6
      10
       4
       9
      10
       1
       5
       8
       8
       5
       5
      11
       9
       2
       5
       8
       5
       7
       3
      10
      10
       8
       9
       7
       3
       6
       7
       3
       7
       5
       5
       5
       8
       4
       4
       1
       3
       5
       1
       6
       4
       3
       2
       2
       7
       3
       1
       7
       7
       3
       4
       2
       2
       7
       3
       4
       6
       5
       2
       5
       4
       3
       6
       3
       1
       3
       1
       2
       5
       4
       6
       5
       1
       1
       3
       2
       1
       1
       3
       3
       1
       1
       2
       3
       1
       1
       1
       1
       0
       3
       6
       2
       1
       2
       1
       1
       4
       3
       2
       2
       3
       0
       1
       5
       2
       2
       3
       2
       1
       1
       3
       3
       0
       1
       3
       3
       1
       3
       1
       2
       1
       2
       1
       0
       3
       1
       1
       4
       5
       0
       1
       2
       3
       5
       2
       1
       2
       5
       1
       1
       1
       1
       1
       1
       2
       5
       2
       3
       1
       3
       0
       0
       5
       0
       3
       1
       0
       0
       1
       0
       3
       2
       2
       2
       1
       0
       1
       4
       1
       2
       0
       1
       3
       2
       2
       0
       2
       1
       5
       1
       2
       1
       3
       0
       2
       1
       1
       0
       0
       2
       1
       0
       3
       2
       1
       1
       0
       0
       0
       0
       0
       0
       0
       1
       0
       2
       0
       2
       0
       0
       2
       0
       5
       0
       0
       0
       2
       1
       3
       2
       0
       1
       0
       1
       0
       2
       0
       1
       0
       3
       1
       0
       2
       0
       0
       1
       4
       0
       1
       0
       1
       0
       1
       1
       0
       1
       1
       0
       3
       1
       1
       1
       0
       1
       0
       0
       0
       1
       1
       1
       1
       0
       0
       0
       2
       1
       0
       0
       0
       0
       1
       1
       1
       1
       3
       1
       3
       2
       2
       0
       0
       1
       0
       0
       0
       0
       0
       0
       1
       2
       1
       2
       0
       0
       1
       1
       0
       0
       0
       0
       3
       1
       3
       0
       1
       3
       1
       2
       1
       1
       0
       1
       0
       0
       0
       0
       2
       0
       0
       1
       0
       2
       0
       3
       0
       0
       0
       2
       0
       1
       1
       1
       1
       0
       0
       1
       0
       0
       1
       0
       0
       1
       0
       1
       0
       1
       0
       0
       2
       2
       1
       1
       1
       0
       1
       0
       2
       0
       0
       0
       0
       1
       1
       0
       0
       1
       1
       1
       0
       2
       1
       1
       0
       0
       0
       1
       1
       1
       1
       1
       1
       0
       0
       0
       1
       0
       0
       1
       0
       0
       2
       1
       1
       0
       0
       0
       1
       2
       1
       0
       0
       0
       0
       1
       0
       0
       0
       1
       0
       1
       0
       1
       0
       1
       1
       0
       0
$ROI:
0
$PRESETS:
None
0
0
$ENER_FIT:
-10.130505 2.230151
$MCA_CAL:
3
-1.013050E+001 2.230151E+000 -7.695740E-005 keV
$SHAPE_CAL:
3
6.128848E+000 7.994157E-002 -1.373380E-004
