$SPEC_ID:
No sample description was entered.
$SPEC_REM:
DET# 1
DETDESC# SPACESCIENCE4 digiBASE-RH SN 15121435
AP# Maestro Version 7.01
$DATE_MEA:
10/28/2025 12:20:58
$MEAS_TIM:
599 600
$DATA:
0 1023
       0
       0
       0
       0
       0
       0
       0
       0
       0
       0
       0
       0
       0
       0
       0
       6
     121
     194
     178
     179
     161
     171
     160
     181
     178
     228
     235
     221
     230
     295
     318
     288
     296
     322
     380
     390
     402
     460
     407
     440
     418
     431
     453
     427
     437
     473
     458
     460
     414
     467
     428
     430
     450
     416
     435
     405
     384
     405
     368
     379
     393
     356
     382
     360
     356
     343
     340
     344
     336
     324
     297
     306
     310
     306
     288
     306
     256
     297
     272
     272
     264
     263
     243
     243
     243
     247
     232
     230
     230
     226
     217
     230
     210
     212
     175
     157
     211
     194
     162
     184
     169
     186
     151
     163
     166
     189
     174
     179
     148
     137
     141
     153
     160
     126
     126
     147
     121
     116
     130
     102
     120
     119
     106
     114
     106
     104
     118
     102
     117
      74
      98
     105
      94
      92
     125
     106
      96
      92
     100
     100
      99
      82
      81
      84
      99
      82
      67
      66
      74
      74
      64
      85
      48
      73
      75
      62
      62
      62
      74
      53
      71
      52
      55
      68
      57
      43
      56
      57
      49
      60
      48
      51
      43
      44
      53
      49
      39
      46
      55
      45
      42
      45
      42
      54
      38
      43
      49
      40
      46
      49
      38
      41
      36
      36
      34
      47
      42
      44
      51
      29
      33
      37
      40
      31
      34
      27
      33
      36
      21
      43
      31
      33
      37
      29
      37
      28
      27
      32
      29
      28
      19
      28
      26
      27
      28
      16
      36
      29
      34
      35
      24
      29
      22
      20
      23
      28
      24
      27
      29
      29
      20
      25
      23
      17
      22
      25
      23
      18
      25
      26
      26
      21
      33
      17
      43
      21
      17
      25
      21
      26
      19
      24
      37
      19
      26
      25
      34
      24
      35
      30
      29
      24
      26
      21
      21
      36
      36
      36
      30
      39
      28
      29
      32
      33
      27
      35
      22
      24
      32
      28
      26
      33
      22
      30
      27
      31
      27
      29
      30
      31
      20
      18
      21
      15
      32
      25
      16
      12
      25
      19
       8
      16
      17
      15
      15
      11
      16
      27
      20
      17
      16
      19
      10
      13
      22
      13
      12
      12
      12
       5
      12
      15
      13
       6
      11
      13
      16
      13
       5
      11
       8
      14
       9
       7
      12
      16
       6
      13
       8
      18
       7
       7
      10
      15
      17
       7
       6
      11
       6
      11
      12
      11
       6
       9
       9
      14
      11
      10
      10
      12
      12
       9
       6
       7
      12
       8
      10
       9
       5
       8
      11
       8
      12
       7
      13
      11
       8
       8
      11
       6
       8
      15
       7
       6
      13
       9
       7
       8
      18
      17
       8
      11
       3
       9
       5
       9
       9
      11
      11
       9
       4
       7
       8
       9
       7
      12
       9
      10
       9
       7
      10
       4
       6
       7
       4
      11
       7
      10
       7
       9
       5
       8
       6
       9
       2
       9
       8
       9
      10
       5
       7
       3
       8
      12
      10
       6
       5
       8
       6
       9
       9
       7
       7
       6
       8
       5
       9
       3
       5
       4
       7
       5
       6
       7
       7
       7
       3
       7
       9
       8
       6
       4
       8
       4
       4
      12
       8
       5
       7
       4
       6
       9
       2
       4
       3
       5
       4
       6
       6
       8
       7
       6
      10
       5
       4
       5
       9
       6
       8
       5
       8
       3
       8
       2
       6
       8
       8
       5
       7
       0
       5
       9
       8
       8
       5
       3
       8
       4
       4
       1
       5
      11
       5
       6
       7
       5
       4
       6
       6
       8
       7
       9
       1
       6
       7
       3
       5
       4
       9
       5
       4
       5
       8
       4
       2
       4
       2
       6
       5
       4
       4
       4
       3
       3
       4
       2
       2
       5
       6
       6
       4
       7
       5
       6
       7
       2
       3
       5
       1
       4
       4
       0
       4
       7
       3
       3
       4
       0
       6
       6
       2
       1
       2
       5
       4
       4
       2
       2
       3
       6
       9
       7
       6
       4
       2
       4
       2
       9
       3
       4
       7
       4
       3
       9
       3
       4
       7
       6
       7
       7
       6
       5
       9
       5
       5
       6
      11
      10
       7
       2
       8
       4
       5
       6
       4
       4
       1
      10
       7
       7
       2
       3
       3
       3
       6
       5
       6
       4
       6
      10
       4
       3
       7
       3
       4
       6
       4
       4
       4
       3
       2
       6
       4
       4
       4
       2
       2
       2
       2
       3
       2
       4
       4
       3
       3
       3
       8
       3
       6
       3
       6
       0
       3
       4
       4
       4
       2
       3
       3
       4
       1
       5
       4
       2
       0
       4
       0
       0
       2
       3
       1
       2
       2
       2
       5
       6
       2
       3
       2
       3
       2
       1
       2
       2
       3
       0
       0
       1
       2
       1
       1
       1
       4
       2
       0
       1
       3
       3
       1
       0
       1
       0
       1
       0
       0
       1
       2
       2
       2
       3
       2
       2
       1
       0
       0
       3
       1
       1
       0
       1
       1
       1
       4
       4
       0
       1
       2
       1
       2
       3
       1
       2
       3
       4
       1
       2
       1
       1
       0
       1
       2
       6
       2
       1
       0
       1
       3
       1
       0
       1
       0
       2
       1
       0
       0
       0
       1
       1
       1
       1
       0
       1
       2
       1
       0
       0
       1
       0
       2
       0
       1
       3
       1
       0
       1
       0
       0
       1
       1
       0
       1
       0
       2
       0
       2
       1
       2
       0
       0
       4
       0
       0
       4
       0
       1
       0
       0
       0
       1
       2
       0
       0
       1
       1
       1
       2
       0
       0
       1
       3
       1
       0
       2
       3
       1
       0
       0
       0
       1
       1
       0
       0
       0
       1
       0
       0
       1
       0
       0
       0
       0
       0
       1
       2
       2
       1
       1
       3
       0
       1
       1
       0
       1
       0
       1
       0
       1
       0
       1
       1
       0
       0
       0
       3
       0
       0
       2
       1
       5
       0
       0
       3
       0
       0
       0
       1
       1
       0
       1
       0
       2
       0
       1
       1
       0
       1
       1
       1
       1
       0
       1
       1
       0
       0
       2
       0
       1
       1
       2
       0
       0
       0
       0
       3
       0
       1
       0
       1
       0
       3
       0
       1
       0
       0
       3
       0
       1
       0
       0
       2
       0
       1
       0
       1
       0
       0
       1
       0
       1
       1
       1
       2
       0
       0
       0
       0
       0
       3
       2
       1
       1
       0
       0
       1
       2
       2
       2
       0
       4
       0
       3
       1
       0
       0
       1
       0
       1
       0
       0
       0
       0
       0
       0
       2
       0
       0
       0
       1
       0
       1
       1
       1
       1
       1
       1
       1
       0
       1
       1
       0
       0
       0
       1
       0
       1
       0
       0
       0
       1
       0
       1
       1
       1
       0
       1
       1
       1
       1
       0
       0
       1
       0
       0
       1
       0
       0
       2
       1
       0
       1
       0
       0
       1
       1
$ROI:
0
$PRESETS:
None
0
0
$ENER_FIT:
-10.130505 2.230151
$MCA_CAL:
3
-1.013050E+001 2.230151E+000 -7.695740E-005 keV
$SHAPE_CAL:
3
6.128848E+000 7.994157E-002 -1.373380E-004
