$SPEC_ID:
No sample description was entered.
$SPEC_REM:
DET# 1
DETDESC# SPACESCIENCE4 digiBASE-RH SN 15121435
AP# Maestro Version 7.01
$DATE_MEA:
10/28/2025 13:09:53
$MEAS_TIM:
185 185
$DATA:
0 1023
       0
       0
       0
       0
       0
       0
       0
       0
       0
       0
       0
       0
       0
       0
       0
     122
    2479
    3759
    2837
    2388
    2199
    2244
    3037
    3982
    5424
    6894
    8385
    9403
   10046
   10359
    9690
    8735
    7300
    5812
    4202
    2948
    1988
    1273
     826
     573
     358
     250
     214
     161
     196
     152
     153
     169
     156
     141
     156
     164
     127
     145
     146
     114
     133
     112
     119
     139
     129
     124
     121
     125
     122
     105
     112
     123
     101
     104
     104
     100
     101
      97
      89
     111
      81
      90
      80
      80
      80
      59
      99
      83
      67
      82
      88
      74
      73
      56
      59
      62
      83
      73
      72
      75
      56
      54
      57
      52
      56
      53
      63
      58
      60
      46
      45
      47
      50
      38
      42
      44
      42
      41
      47
      38
      42
      47
      46
      29
      43
      33
      35
      40
      41
      30
      27
      33
      33
      31
      39
      36
      34
      36
      30
      45
      30
      38
      29
      27
      21
      32
      34
      22
      27
      31
      33
      28
      16
      24
      24
      28
      21
      20
      23
      16
      15
      19
      21
      18
      20
      16
      23
      20
      12
      13
      18
      17
      12
      25
      18
      17
      19
      11
      13
      14
      14
      15
       8
      11
      12
      11
       9
      18
      13
      13
      14
       9
      12
      14
      14
       7
      16
      15
      14
       8
      11
       9
      13
      12
       8
      13
      10
      10
      12
      10
       6
      11
       6
       6
      13
       8
       9
       9
       9
      11
      13
       6
      11
       9
       8
      10
      11
      13
       9
      10
      13
      11
       6
      13
       7
      13
       7
      11
       5
      15
      10
      12
       8
       8
       7
       6
       8
       8
      12
       8
       5
       5
       8
       7
       8
       4
      12
       5
      11
       7
       9
       6
      11
       6
       5
      10
       7
       9
       9
       5
      14
       7
       8
       9
       3
      16
      14
       5
      11
       9
       6
       6
       8
       6
      13
      10
       4
      13
       6
       4
       8
       9
      12
       9
       6
       7
       5
       5
       8
       7
       6
       7
       6
       9
       6
       7
      10
      10
       7
       6
       5
       6
       8
       2
       5
       4
       5
       5
       2
       5
       3
       5
       5
       4
      11
       2
       5
       4
       4
       3
       3
       4
       6
       5
       5
       7
       3
       2
       2
       6
       3
       3
       4
       2
       3
       2
       7
       1
       3
       4
       2
       1
       6
       3
       3
       4
       4
       1
       2
       2
       5
       4
       4
       3
       2
       3
       3
       2
       5
       1
       3
       4
       3
       8
       6
       2
       3
       0
       0
       2
       3
       2
       1
       1
       3
       2
       1
       1
       3
       4
       4
       0
       2
       2
       4
       4
       1
       2
       2
       3
       2
       7
       3
       2
       3
       3
       8
       4
       1
       3
       3
       4
       3
       3
       0
       1
       5
       0
       5
       4
       2
       1
       5
       4
       1
       5
       4
       1
       1
       0
       4
       3
       2
       2
       2
       1
       3
       3
       5
       2
       2
       1
       3
       2
       3
       3
       1
       2
       0
       2
       3
       2
       1
       4
       3
       1
       3
       1
       1
       2
       2
       2
       1
       2
       3
       0
       3
       2
       4
       3
       2
       0
       1
       1
       2
       3
       1
       2
       4
       2
       2
       2
       3
       3
       1
       3
       0
       2
       0
       2
       0
       2
       5
       1
       6
       2
       1
       0
       4
       4
       1
       2
       3
       0
       3
       1
       1
       1
       0
       1
       5
       0
       1
       3
       1
       3
       0
       1
       4
       1
       0
       3
       4
       1
       0
       3
       1
       0
       1
       2
       1
       1
       1
       3
       0
       1
       1
       0
       0
       1
       1
       0
       0
       2
       2
       2
       2
       2
       1
       0
       2
       1
       0
       2
       3
       3
       0
       0
       1
       2
       0
       1
       0
       1
       1
       1
       1
       0
       2
       0
       2
       0
       2
       2
       0
       1
       1
       0
       0
       0
       0
       1
       1
       3
       0
       1
       0
       2
       5
       1
       1
       2
       1
       3
       1
       0
       1
       0
       1
       1
       1
       0
       2
       0
       2
       0
       2
       0
       2
       1
       2
       0
       4
       0
       2
       1
       1
       3
       3
       1
       0
       1
       1
       3
       1
       1
       1
       3
       2
       0
       5
       2
       3
       1
       2
       1
       2
       2
       0
       2
       1
       2
       1
       1
       0
       4
       0
       0
       2
       1
       0
       2
       2
       1
       0
       1
       0
       0
       0
       3
       2
       1
       0
       2
       0
       1
       0
       1
       0
       2
       0
       2
       0
       2
       0
       2
       1
       3
       1
       1
       2
       0
       1
       1
       1
       0
       1
       1
       0
       1
       1
       0
       3
       0
       1
       1
       1
       0
       2
       0
       1
       0
       0
       1
       0
       0
       1
       0
       1
       0
       0
       0
       0
       0
       0
       0
       0
       0
       1
       1
       0
       1
       0
       0
       2
       0
       0
       0
       0
       1
       0
       1
       0
       1
       0
       1
       0
       1
       1
       1
       1
       1
       1
       1
       0
       1
       1
       0
       0
       0
       1
       1
       2
       1
       1
       1
       0
       1
       1
       0
       0
       0
       0
       0
       0
       1
       0
       0
       0
       0
       1
       0
       0
       1
       0
       0
       0
       0
       0
       0
       1
       0
       0
       0
       0
       0
       0
       0
       1
       1
       1
       0
       0
       0
       1
       0
       0
       0
       0
       0
       0
       0
       0
       0
       1
       1
       2
       1
       1
       1
       0
       0
       0
       0
       0
       0
       0
       0
       1
       0
       1
       1
       1
       0
       1
       0
       0
       1
       0
       1
       0
       0
       0
       0
       1
       0
       0
       1
       0
       1
       1
       0
       0
       0
       1
       0
       0
       0
       0
       1
       0
       0
       0
       0
       0
       0
       1
       0
       0
       0
       0
       0
       1
       0
       0
       0
       0
       0
       0
       0
       1
       0
       0
       0
       0
       0
       0
       0
       0
       0
       0
       1
       0
       0
       0
       0
       0
       0
       1
       0
       0
       0
       0
       1
       0
       0
       0
       1
       1
       0
       0
       0
       1
       0
       0
       0
       0
       0
       0
       0
       0
       0
       0
       0
       0
       0
       0
       0
       0
       0
       0
       0
       0
       0
       1
       0
       0
       0
       0
       0
       0
       0
       2
       1
       1
       1
       0
       1
       0
       1
       0
       0
       0
       0
       0
       0
       0
       1
       0
       0
       0
       0
       1
       1
       0
       0
       0
       0
       0
       1
       2
       0
       1
       0
       1
       1
       0
       0
       1
       0
       0
       0
       0
       0
       0
       1
       0
       0
       0
       0
       0
       1
       0
       1
       0
       0
       1
       0
       0
       0
       0
       0
       0
       0
       0
       0
       0
       0
       0
       0
       0
       0
       0
       1
       1
       0
       0
       0
       0
       0
       0
       0
       0
       0
       1
       0
       0
       0
       0
       0
       0
       0
       0
       0
       0
       1
       0
       0
$ROI:
0
$PRESETS:
None
0
0
$ENER_FIT:
-10.130505 2.230151
$MCA_CAL:
3
-1.013050E+001 2.230151E+000 -7.695740E-005 keV
$SHAPE_CAL:
3
6.128848E+000 7.994157E-002 -1.373380E-004
