$SPEC_ID:
No sample description was entered.
$SPEC_REM:
DET# 1
DETDESC# SPACESCIENCE4 digiBASE-RH SN 15121435
AP# Maestro Version 7.01
$DATE_MEA:
10/28/2025 13:16:22
$MEAS_TIM:
100 100
$DATA:
0 1023
       0
       0
       0
       0
       0
       0
       0
       0
       0
       0
       0
       0
       0
       0
       0
      78
    1449
    2130
    1681
    1280
    1181
    1196
    1578
    2097
    2698
    3335
    4185
    4529
    5029
    4987
    4647
    4284
    3347
    2694
    2007
    1409
     934
     606
     382
     241
     192
     130
     101
      87
      97
      91
      73
      66
      81
      76
      87
      81
      71
      73
      67
      72
      70
      82
      56
      57
      71
      76
      69
      65
      75
      61
      63
      44
      50
      61
      58
      50
      58
      51
      43
      47
      57
      32
      40
      47
      46
      56
      50
      36
      50
      43
      36
      41
      36
      44
      38
      38
      35
      33
      36
      35
      36
      25
      31
      31
      29
      27
      30
      29
      21
      27
      25
      25
      27
      24
      25
      31
      24
      24
      20
      25
      24
      21
      22
      14
      16
      24
      15
      22
      18
      25
      22
      15
      17
      26
      15
      11
      14
      18
      13
      13
      11
      17
      11
       9
      14
      21
      13
      13
      15
      17
      19
      17
       8
       7
      11
      15
       8
      16
      12
      12
      10
      16
      18
      14
       9
       8
      17
       9
       6
      11
      10
      11
       6
       6
       8
       6
      12
       8
       7
      10
       7
       9
       9
       3
       7
       7
       9
       2
       6
       5
       2
       5
       7
      12
       2
       4
       6
       8
       9
       6
       6
       1
       6
       4
       7
       4
       5
       3
       4
       5
       5
       5
       1
       3
       8
       1
       4
      11
       3
       5
       7
       3
       6
       4
      14
       2
       4
       3
       2
       5
       6
       2
       5
       4
       6
       3
       4
       3
       6
       4
       1
       2
       5
       7
       2
       4
       6
       5
       6
       2
       5
       4
       3
       4
       7
       6
       6
       3
       4
       2
       4
       4
       4
       5
       4
       4
       4
       3
       2
       6
       2
       1
       4
       2
       2
       3
       1
       2
       5
       2
       4
       1
       7
       4
       1
       5
       4
       5
       2
       3
       0
       4
       5
       2
       0
       3
       5
       6
       4
       1
       1
       4
       1
       4
       1
       5
       7
       3
       0
       1
       1
       3
       4
       5
       1
       2
       3
       2
       1
       0
       2
       4
       3
       6
       0
       1
       0
       3
       1
       3
       3
       1
       1
       2
       2
       0
       2
       5
       0
       0
       1
       4
       4
       4
       2
       1
       2
       2
       0
       4
       1
       0
       1
       0
       2
       0
       1
       1
       2
       1
       5
       2
       2
       3
       2
       0
       1
       2
       2
       0
       1
       1
       2
       2
       2
       1
       2
       2
       2
       2
       2
       2
       1
       3
       2
       0
       0
       2
       1
       0
       3
       0
       2
       0
       1
       5
       1
       3
       3
       2
       3
       0
       1
       2
       1
       1
       2
       1
       3
       2
       2
       0
       4
       1
       2
       1
       2
       0
       2
       2
       1
       1
       2
       0
       2
       2
       0
       0
       4
       1
       2
       2
       2
       2
       1
       0
       1
       1
       2
       1
       4
       3
       4
       1
       0
       0
       1
       0
       1
       0
       1
       0
       1
       2
       1
       0
       1
       0
       0
       2
       3
       0
       1
       1
       1
       1
       2
       1
       0
       1
       1
       2
       0
       2
       1
       1
       0
       2
       1
       0
       0
       1
       1
       1
       4
       1
       1
       0
       1
       0
       0
       1
       1
       1
       2
       0
       2
       0
       0
       0
       1
       2
       3
       0
       0
       0
       0
       0
       1
       2
       1
       1
       0
       0
       1
       2
       1
       2
       0
       1
       1
       1
       0
       1
       0
       2
       0
       3
       1
       1
       0
       2
       0
       1
       3
       0
       0
       0
       2
       0
       1
       1
       0
       1
       0
       0
       1
       0
       1
       1
       1
       0
       3
       0
       1
       0
       0
       0
       0
       0
       0
       0
       1
       0
       0
       0
       2
       1
       0
       0
       2
       0
       1
       1
       0
       1
       0
       0
       0
       0
       1
       1
       1
       0
       0
       1
       1
       0
       0
       1
       0
       1
       0
       1
       1
       1
       0
       1
       1
       2
       1
       1
       1
       2
       0
       1
       2
       0
       1
       2
       0
       1
       3
       2
       1
       1
       1
       2
       1
       1
       1
       2
       2
       1
       1
       1
       1
       1
       0
       2
       0
       0
       1
       3
       0
       1
       1
       0
       0
       0
       3
       0
       1
       1
       0
       0
       1
       0
       1
       0
       0
       2
       2
       1
       3
       0
       0
       0
       0
       0
       0
       0
       2
       0
       0
       0
       1
       1
       2
       0
       0
       0
       0
       1
       1
       0
       0
       0
       0
       0
       0
       0
       2
       0
       0
       0
       1
       0
       0
       0
       0
       1
       0
       0
       0
       1
       2
       0
       0
       0
       1
       0
       2
       1
       0
       2
       1
       0
       0
       1
       2
       1
       0
       0
       0
       0
       0
       0
       0
       0
       1
       1
       1
       3
       1
       0
       1
       0
       0
       0
       0
       1
       0
       1
       0
       0
       0
       0
       0
       0
       0
       1
       1
       0
       0
       0
       0
       0
       0
       0
       1
       0
       0
       1
       0
       0
       1
       0
       1
       0
       0
       0
       0
       0
       1
       0
       0
       0
       0
       0
       0
       0
       0
       0
       1
       0
       0
       0
       1
       1
       0
       1
       0
       0
       3
       2
       0
       0
       0
       0
       1
       0
       0
       0
       0
       0
       0
       0
       1
       2
       0
       1
       0
       0
       0
       0
       0
       0
       0
       0
       1
       0
       0
       0
       0
       0
       0
       0
       0
       0
       0
       0
       0
       0
       0
       0
       0
       0
       0
       0
       0
       0
       0
       0
       0
       0
       0
       0
       0
       0
       0
       0
       0
       0
       0
       0
       0
       0
       0
       0
       0
       0
       0
       0
       0
       0
       0
       0
       0
       0
       1
       0
       0
       1
       0
       1
       0
       0
       0
       1
       0
       1
       0
       0
       0
       0
       0
       0
       0
       1
       0
       0
       0
       0
       0
       0
       0
       0
       1
       0
       0
       1
       0
       0
       0
       0
       0
       0
       0
       0
       0
       0
       0
       2
       0
       0
       1
       1
       0
       0
       0
       0
       0
       0
       0
       0
       0
       1
       1
       0
       0
       0
       1
       0
       0
       0
       0
       0
       0
       0
       0
       0
       0
       0
       0
       1
       0
       0
       0
       0
       0
       0
       0
       0
       0
       0
       0
       0
       0
       0
       0
       0
       0
       0
       0
       1
       0
       0
       0
       0
       0
       1
       0
       1
       0
       0
       0
       0
       0
       0
       0
       0
       1
       0
       0
       0
       0
       1
       0
       0
       0
       0
       0
       0
       0
       0
       0
       0
       0
       0
       0
       0
       0
       0
       0
       0
       0
       0
       0
       0
       0
       0
       0
       0
       1
       0
       0
       0
       0
       0
       0
       0
       0
       0
       0
       0
       0
       0
       0
       0
       0
       0
       0
       0
       0
       0
       0
       0
$ROI:
0
$PRESETS:
None
0
0
$ENER_FIT:
-10.130505 2.230151
$MCA_CAL:
3
-1.013050E+001 2.230151E+000 -7.695740E-005 keV
$SHAPE_CAL:
3
6.128848E+000 7.994157E-002 -1.373380E-004
