$SPEC_ID:
No sample description was entered.
$SPEC_REM:
DET# 1
DETDESC# SPACESCIENCE4 digiBASE-RH SN 15121435
AP# Maestro Version 7.01
$DATE_MEA:
10/28/2025 12:46:41
$MEAS_TIM:
577 577
$DATA:
0 1023
       0
       0
       0
       0
       0
       0
       0
       0
       0
       0
       0
       0
       0
       0
       0
     179
    3545
    5332
    4075
    2802
    1852
    1348
     937
     813
     847
     861
     888
     943
     998
    1075
    1176
    1344
    1473
    1674
    1911
    2118
    2259
    2435
    2514
    2419
    2403
    2204
    1945
    1790
    1584
    1385
    1212
    1055
     938
     928
     901
     858
     836
     815
     819
     802
     812
     845
     813
     821
     832
     857
     829
     891
     835
     928
     867
     887
     839
     806
     866
     867
     838
     820
     900
     808
     846
     803
     783
     738
     768
     765
     753
     752
     741
     638
     655
     616
     640
     590
     589
     612
     614
     592
     538
     580
     522
     549
     511
     530
     489
     427
     480
     457
     450
     426
     423
     418
     412
     367
     425
     374
     432
     398
     414
     410
     458
     455
     438
     483
     515
     476
     531
     528
     515
     539
     549
     532
     574
     566
     638
     579
     569
     584
     555
     551
     575
     565
     594
     555
     574
     592
     608
     650
     655
     631
     672
     738
     744
     720
     837
     824
     860
     877
     862
     933
     936
     927
     919
     910
     921
     902
     830
     857
     795
     781
     680
     669
     622
     619
     532
     514
     519
     424
     376
     376
     340
     314
     280
     275
     205
     225
     188
     159
     142
     135
     163
     125
     113
     109
      78
      82
      77
      69
      60
      58
      69
      58
      60
      49
      37
      48
      37
      44
      54
      44
      26
      46
      35
      31
      34
      27
      25
      31
      31
      27
      26
      36
      31
      18
      25
      22
      32
      23
      25
      17
      26
      35
      30
      24
      23
      27
      36
      25
      26
      25
      28
      21
      32
      19
      18
      24
      16
      36
      28
      18
      22
      17
      28
      16
      23
      22
      29
      23
      15
      31
      21
      27
      23
      21
      24
      18
      16
      25
      20
      25
      21
      20
      18
      22
      28
      26
      23
      30
      12
      11
      14
      20
      22
      16
      18
      19
      14
      21
      20
      14
      26
      17
      16
      14
      15
      15
      17
      11
      19
      17
      17
       8
      19
      18
      15
      18
      17
      15
      12
      13
      15
      14
      15
       6
      13
      15
      17
      11
      14
      11
       6
      15
      21
      11
      23
      10
       7
      12
       7
      14
      13
       8
      11
      11
      12
      20
       8
      12
       5
      13
      12
       8
       6
      10
      11
      12
       8
      11
       9
      10
       6
      17
       5
      11
       6
       8
       6
      10
      11
      10
      10
       7
      11
       6
      13
       4
      12
       9
      11
       9
      13
       9
       8
       9
       9
       8
      10
      10
      10
      12
      15
      10
       7
      11
       6
       6
       8
       5
      13
       6
       7
      16
       8
       5
       8
       9
       8
       9
      15
       7
      12
      11
      10
      17
       7
       6
       9
      10
       9
       5
       9
      11
       9
      12
       5
      11
      12
       6
       8
      10
       5
       8
       5
       5
       7
       8
      13
       7
       9
       5
       6
       9
       2
       1
      12
       8
       6
       7
       8
       7
      10
       8
       6
       5
       6
       7
       2
       8
       9
       2
       7
       4
       7
       3
      10
       4
       7
      12
       8
       6
       7
       5
       5
      10
       9
       4
       8
       5
       7
       7
       4
      10
       3
       3
       6
       9
       7
       8
       5
       4
       7
       7
      11
       9
       9
       8
       7
       7
       6
       6
       6
       6
       5
       8
       5
      14
       6
       8
       6
       3
       4
       5
      10
       6
       5
       6
       6
       2
       1
      10
       3
       6
       3
       5
      10
       8
       4
       7
       8
       4
       9
       1
       6
       3
       8
       4
       3
      12
       4
       5
       3
       6
       1
       7
       4
       3
       5
       5
       4
       5
      10
       7
       1
       3
       4
       2
       5
       2
       5
       8
       4
       1
       6
       7
       6
       3
       5
       5
       2
       2
       6
       5
       4
       2
       5
       3
       5
       3
       4
       3
       7
       8
       4
       3
       2
       3
       4
       5
       3
       7
       3
       3
       2
       3
       4
       2
       7
       3
       6
       6
       1
       2
       4
       7
       9
       8
       2
       4
       4
       7
       5
       4
       7
       1
       2
       2
       7
       3
       3
       8
       6
      11
       8
       5
       6
       4
       4
       2
       3
       4
       4
       5
       5
       9
       2
      10
       5
       3
      10
       3
       8
       4
       4
       6
       6
       3
       4
       4
       9
       0
       3
       3
       6
       4
       6
       4
       1
       8
       2
       5
       2
       5
       1
       4
       6
       1
       2
       4
       6
       5
       1
       3
       0
       3
       4
       1
       6
       1
       6
       2
       1
       2
       3
       5
       5
       4
       2
       4
       3
       1
       1
       2
       3
       2
       0
       2
       2
       5
       2
       1
       1
       6
       3
       2
       4
       2
       2
       1
       2
       0
       3
       1
       2
       2
       0
       2
       4
       2
       1
       3
       1
       3
       2
       1
       0
       0
       0
       0
       1
       2
       1
       2
       1
       2
       1
       1
       1
       1
       1
       1
       0
       2
       0
       3
       3
       3
       1
       2
       3
       1
       1
       1
       3
       2
       0
       1
       0
       1
       4
       1
       3
       1
       3
       3
       1
       3
       0
       2
       2
       1
       2
       0
       1
       2
       2
       0
       0
       1
       4
       3
       5
       1
       1
       0
       0
       1
       0
       1
       1
       1
       2
       2
       1
       1
       0
       0
       1
       2
       0
       2
       2
       0
       0
       1
       1
       2
       1
       2
       0
       2
       0
       0
       1
       0
       1
       1
       1
       0
       1
       0
       0
       0
       2
       2
       1
       2
       1
       1
       1
       0
       0
       3
       0
       1
       0
       1
       0
       0
       0
       1
       1
       1
       3
       2
       1
       3
       0
       0
       1
       0
       0
       0
       0
       1
       0
       2
       1
       1
       0
       0
       2
       0
       0
       1
       1
       1
       0
       0
       3
       1
       2
       0
       1
       3
       0
       1
       2
       0
       1
       0
       1
       2
       1
       3
       2
       2
       2
       0
       0
       0
       0
       0
       1
       0
       1
       1
       1
       2
       2
       0
       0
       0
       1
       1
       0
       0
       1
       2
       0
       2
       0
       0
       1
       0
       0
       0
       1
       0
       1
       0
       1
       1
       0
       0
       1
       0
       0
       1
       0
       0
       0
       0
       0
       0
       1
       1
       1
       0
       0
       0
       1
       0
       1
       1
       2
       1
       0
       0
       0
       0
       2
       1
       1
       1
       1
       0
       0
       0
       0
       1
       2
       0
       0
       0
       1
       2
       0
       0
       0
       0
       0
       0
       1
       0
       0
       1
       1
       0
       0
       0
       2
       0
       0
       0
       1
       2
       0
       1
       1
       2
       0
       0
       0
       1
       0
       0
       0
       0
       0
       0
       1
       0
       0
       0
       1
       1
       0
       1
       0
       0
       0
       0
       0
       1
       0
       1
       0
       0
       1
       0
       0
       2
       1
       1
       0
       1
       0
       0
       1
       0
       0
       1
       1
       0
       0
       1
       1
       1
$ROI:
0
$PRESETS:
None
0
0
$ENER_FIT:
-10.130505 2.230151
$MCA_CAL:
3
-1.013050E+001 2.230151E+000 -7.695740E-005 keV
$SHAPE_CAL:
3
6.128848E+000 7.994157E-002 -1.373380E-004
