$SPEC_ID:
No sample description was entered.
$SPEC_REM:
DET# 1
DETDESC# SPACESCIENCE4 digiBASE-RH SN 15121435
AP# Maestro Version 7.01
$DATE_MEA:
10/28/2025 13:24:15
$MEAS_TIM:
82 83
$DATA:
0 1023
       0
       0
       0
       0
       0
       0
       0
       0
       0
       0
       0
       0
       0
       0
       0
      73
    1485
    2116
    1708
    1419
    1404
    1543
    2061
    2652
    3187
    3870
    4467
    4840
    5031
    4926
    4444
    3814
    2985
    2319
    1621
    1075
     732
     475
     301
     174
     135
      98
      76
      79
      49
      69
      81
      64
      82
      63
      77
      81
      67
      72
      51
      56
      66
      43
      57
      59
      62
      63
      64
      48
      58
      51
      40
      40
      51
      47
      45
      43
      44
      45
      38
      47
      25
      54
      49
      31
      39
      40
      37
      33
      28
      25
      29
      20
      25
      44
      21
      34
      22
      20
      36
      32
      39
      20
      25
      29
      30
      23
      18
      27
      25
      28
      16
      22
      24
      28
      18
      24
      22
      15
      12
      14
      19
      19
      11
      15
      15
      15
      13
      21
      16
      13
       9
      17
      20
      16
      12
      16
       9
      14
      14
      18
      18
      12
       6
      10
      19
      12
      11
      10
       7
      10
       8
      15
      14
      16
      10
      10
      13
       7
       9
       9
       9
       9
      13
       5
       6
       4
       6
      11
       7
      10
      10
       7
      10
       9
       7
       6
       8
       5
       4
       6
       6
       5
      12
       5
       4
       4
       6
       3
       6
       3
       4
       5
       7
       1
       0
       7
       4
       5
       0
       5
       3
       6
       5
       5
       5
       4
       5
       2
       5
       3
       7
       6
       7
       3
       6
       5
       6
       5
       7
       4
       4
       5
       6
       1
       2
       6
       3
       4
       9
       3
       5
       1
       9
       3
       5
       6
       2
       5
       1
       0
       3
       2
       4
       3
       2
       2
       5
       4
       1
       2
       4
       1
       6
       5
       3
       4
       2
       6
       8
       2
       3
       4
       6
       3
       7
       1
       1
       1
       4
       2
       4
       6
       7
       4
       3
       2
       2
       3
       4
       2
       4
       3
       4
       1
       3
       2
       4
       3
       4
       7
       3
       7
       2
       4
       4
       1
       3
       5
       4
       2
       1
       1
       1
       1
       2
       1
       2
       1
       0
       2
       0
       7
       2
       0
       0
       1
       4
       1
       1
       2
       3
       1
       3
       1
       1
       0
       2
       0
       2
       1
       1
       3
       2
       1
       1
       1
       1
       0
       1
       2
       0
       0
       1
       2
       2
       0
       1
       0
       3
       1
       2
       4
       2
       1
       1
       0
       3
       0
       1
       2
       2
       4
       1
       1
       2
       0
       1
       3
       0
       3
       0
       0
       1
       1
       4
       1
       2
       2
       1
       1
       0
       1
       5
       2
       1
       3
       1
       1
       1
       1
       2
       1
       0
       0
       1
       2
       1
       1
       2
       0
       2
       1
       1
       1
       1
       2
       1
       2
       0
       0
       0
       0
       2
       1
       2
       1
       1
       0
       2
       3
       0
       4
       2
       1
       2
       1
       1
       0
       0
       0
       0
       1
       2
       1
       0
       3
       4
       1
       0
       2
       2
       0
       0
       0
       1
       1
       0
       1
       1
       3
       1
       2
       1
       0
       1
       1
       0
       0
       0
       1
       2
       2
       0
       2
       1
       0
       1
       3
       3
       1
       2
       3
       2
       1
       0
       0
       0
       1
       2
       1
       1
       1
       0
       0
       2
       1
       0
       1
       2
       1
       3
       1
       0
       0
       1
       1
       1
       0
       0
       0
       0
       0
       0
       1
       2
       1
       2
       1
       0
       0
       2
       1
       0
       1
       0
       1
       0
       1
       0
       0
       1
       1
       1
       0
       3
       0
       1
       4
       2
       1
       0
       0
       0
       0
       0
       1
       1
       2
       1
       0
       2
       1
       0
       0
       0
       1
       0
       0
       0
       1
       0
       0
       0
       1
       0
       0
       1
       0
       0
       2
       2
       1
       0
       0
       0
       1
       1
       1
       1
       0
       2
       0
       1
       0
       1
       0
       1
       1
       2
       0
       0
       1
       0
       0
       1
       0
       2
       1
       1
       1
       0
       1
       1
       0
       0
       1
       0
       0
       1
       2
       1
       0
       2
       0
       0
       0
       0
       4
       1
       0
       0
       3
       0
       0
       1
       1
       2
       0
       0
       1
       1
       1
       2
       0
       1
       0
       0
       0
       0
       0
       2
       0
       2
       0
       1
       1
       0
       2
       2
       0
       1
       0
       1
       1
       0
       1
       0
       0
       0
       0
       2
       0
       0
       0
       0
       0
       0
       2
       0
       0
       0
       0
       1
       1
       1
       0
       2
       1
       0
       1
       0
       0
       1
       0
       1
       0
       2
       0
       0
       0
       2
       0
       0
       0
       1
       0
       0
       1
       2
       0
       0
       0
       0
       0
       0
       0
       0
       1
       0
       2
       0
       0
       0
       0
       1
       0
       0
       0
       0
       0
       1
       0
       1
       0
       1
       0
       0
       0
       0
       0
       0
       0
       0
       1
       1
       0
       0
       0
       0
       1
       1
       0
       1
       0
       1
       0
       0
       0
       0
       1
       2
       0
       1
       0
       1
       0
       0
       0
       0
       1
       0
       0
       0
       0
       0
       0
       0
       0
       0
       1
       0
       0
       0
       0
       0
       0
       0
       0
       0
       0
       0
       0
       0
       1
       0
       0
       0
       0
       0
       0
       0
       0
       0
       0
       0
       0
       0
       0
       0
       0
       1
       0
       0
       0
       0
       0
       1
       0
       0
       0
       2
       0
       0
       0
       0
       0
       0
       0
       0
       0
       0
       0
       0
       0
       0
       1
       0
       0
       0
       0
       0
       0
       0
       0
       0
       0
       0
       0
       0
       0
       0
       0
       0
       0
       0
       0
       1
       0
       0
       1
       0
       0
       0
       0
       0
       0
       0
       0
       0
       0
       0
       0
       0
       1
       0
       0
       0
       0
       0
       0
       0
       1
       0
       0
       0
       0
       0
       1
       0
       1
       0
       0
       0
       1
       0
       0
       0
       0
       0
       0
       0
       0
       0
       0
       0
       0
       0
       0
       0
       0
       0
       0
       0
       0
       0
       0
       0
       0
       1
       1
       0
       0
       0
       0
       0
       0
       0
       2
       0
       0
       0
       0
       0
       0
       0
       2
       0
       0
       0
       0
       0
       0
       2
       0
       0
       0
       1
       0
       1
       0
       0
       1
       0
       0
       0
       1
       0
       0
       0
       0
       0
       0
       0
       0
       0
       0
       0
       0
       0
       1
       1
       0
       0
       0
       0
       0
       0
       0
       0
       0
       0
       0
       0
       0
       0
       0
       0
       0
       0
       0
       0
       0
       0
       0
       0
       0
       1
       0
       0
       0
       0
       0
       0
       0
       0
       0
       0
       0
       0
       0
       0
       0
       0
       0
       0
       0
       0
       0
       0
       0
       0
       0
       0
       0
       0
       0
       0
       0
       0
       0
       0
       1
       0
       0
       0
       0
       0
       0
       0
       0
       0
       0
       0
       0
       0
       0
       0
       0
$ROI:
0
$PRESETS:
None
0
0
$ENER_FIT:
-10.130505 2.230151
$MCA_CAL:
3
-1.013050E+001 2.230151E+000 -7.695740E-005 keV
$SHAPE_CAL:
3
6.128848E+000 7.994157E-002 -1.373380E-004
