$SPEC_ID:
No sample description was entered.
$SPEC_REM:
DET# 2
DETDESC# SPACESCIENCE8 digiBASE-RH SN 15121449
AP# Maestro Version 7.01
$DATE_MEA:
10/21/2025 12:52:33
$MEAS_TIM:
59 60
$DATA:
0 1023
       0
       0
       0
       0
       0
       0
       0
       0
       0
       0
      81
     858
    1128
    1405
    1924
    2490
    3232
    4117
    5360
    6315
    7119
    7753
    7977
    7882
    7363
    6572
    5785
    4695
    3733
    2797
    2059
    1419
     984
     627
     419
     307
     195
     146
     122
      89
      63
      59
      72
      67
      68
      50
      33
      39
      46
      54
      50
      45
      36
      37
      44
      45
      34
      26
      41
      29
      27
      36
      33
      33
      24
      28
      40
      31
      32
      30
      39
      29
      25
      28
      26
      21
      24
      31
      29
      28
      18
      27
      19
      25
      22
      25
      35
      22
      22
      33
      23
      21
      20
      17
      11
      22
      17
      17
      16
      20
      22
      21
      26
      19
      19
      11
      18
      15
      21
      26
      18
      12
      13
      14
      17
      13
      19
      14
      10
      18
      15
      20
       8
      15
      11
      13
      14
      12
       6
      13
      12
      14
      10
      12
      11
      16
      12
      11
       9
       9
      14
       7
       8
      14
       8
      10
       8
      12
       7
      10
      10
      14
       8
       7
      17
       9
       6
       1
       8
       6
       7
       5
       4
       7
       7
       4
       7
      11
       3
       5
       8
       7
       9
       6
       4
      10
       4
       5
       7
       7
       4
       5
       3
       6
       4
       4
       5
       2
       7
       4
       6
       3
       7
       9
      11
       3
       2
       4
       8
       6
       4
       0
       7
       8
       3
       3
       4
       2
       3
       3
       4
       8
       6
       4
       7
       3
       9
       3
       3
       2
       4
       6
       6
       2
       4
       2
       4
       3
       5
       8
       4
       6
       7
       0
       5
       5
       5
       3
       7
       3
       7
       4
       5
       1
       5
       6
       5
       5
       5
       6
       2
       5
       2
       3
       4
       6
       3
       4
       2
       4
       8
       5
       5
       5
       3
       3
       5
       7
       3
       2
       2
       1
       4
       5
       5
       2
       4
       6
       3
       2
       3
       3
       5
       6
       5
       2
       5
       2
       1
       3
       3
       3
       2
       4
       4
       5
       2
       1
       1
       1
       1
       5
       3
       2
       2
       3
       3
       3
       2
       1
       1
       0
       2
       2
       3
       3
       2
       2
       0
       3
       2
       2
       0
       2
       2
       1
       0
       1
       2
       1
       3
       3
       5
       5
       0
       2
       2
       1
       3
       4
       3
       3
       3
       2
       1
       1
       2
       0
       2
       3
       1
       3
       3
       4
       1
       2
       2
       1
       4
       1
       1
       0
       3
       1
       0
       3
       2
       2
       7
       3
       0
       1
       0
       2
       4
       1
       0
       2
       2
       1
       3
       3
       0
       3
       0
       1
       3
       0
       4
       2
       3
       4
       1
       3
       0
       2
       1
       2
       0
       1
       2
       2
       3
       3
       1
       2
       1
       2
       3
       2
       4
       2
       3
       1
       1
       0
       0
       3
       3
       0
       0
       0
       3
       1
       3
       2
       1
       0
       1
       1
       2
       2
       2
       1
       1
       0
       2
       2
       1
       3
       2
       0
       3
       0
       0
       2
       0
       0
       0
       3
       2
       0
       1
       1
       1
       0
       4
       1
       0
       1
       1
       0
       0
       2
       0
       2
       0
       0
       0
       1
       0
       1
       4
       1
       2
       1
       0
       1
       1
       2
       2
       3
       1
       2
       2
       1
       2
       0
       2
       1
       4
       0
       0
       2
       2
       3
       0
       0
       0
       0
       0
       1
       1
       0
       3
       1
       1
       0
       1
       1
       1
       2
       1
       0
       1
       0
       1
       0
       1
       0
       2
       1
       0
       0
       1
       1
       1
       1
       3
       0
       1
       1
       0
       1
       1
       0
       1
       0
       1
       0
       0
       0
       0
       2
       2
       1
       1
       0
       2
       1
       0
       0
       0
       1
       2
       0
       1
       2
       1
       0
       1
       0
       1
       1
       1
       0
       1
       1
       0
       2
       0
       1
       0
       0
       0
       0
       1
       1
       2
       0
       0
       0
       1
       2
       2
       2
       2
       0
       3
       1
       1
       1
       2
       3
       1
       1
       4
       1
       2
       1
       0
       1
       3
       1
       1
       1
       4
       1
       1
       2
       1
       1
       0
       6
       3
       1
       1
       0
       3
       2
       1
       4
       2
       1
       3
       3
       3
       2
       0
       2
       3
       2
       1
       6
       2
       2
       2
       4
       2
       5
       2
       5
       4
       3
       2
       1
       1
       0
       3
       1
       0
       2
       1
       2
       2
       2
       1
       3
       1
       0
       0
       0
       1
       2
       1
       1
       1
       6
       1
       1
       0
       2
       1
       1
       1
       0
       2
       0
       2
       1
       0
       2
       0
       2
       1
       0
       1
       0
       0
       0
       0
       0
       0
       1
       2
       0
       1
       0
       1
       0
       0
       0
       0
       0
       1
       0
       0
       0
       1
       2
       0
       1
       0
       0
       0
       0
       0
       0
       0
       0
       1
       0
       0
       0
       1
       0
       1
       0
       0
       0
       1
       1
       0
       0
       0
       0
       0
       1
       0
       0
       0
       1
       0
       0
       0
       2
       2
       1
       1
       1
       0
       0
       1
       0
       0
       0
       0
       0
       1
       0
       1
       2
       0
       0
       0
       2
       0
       0
       0
       0
       0
       0
       3
       2
       1
       0
       0
       0
       0
       0
       0
       1
       0
       0
       0
       0
       0
       0
       0
       0
       1
       2
       0
       1
       0
       1
       0
       0
       0
       1
       0
       0
       0
       1
       0
       0
       0
       0
       0
       0
       0
       0
       0
       0
       0
       0
       0
       1
       0
       0
       0
       0
       1
       1
       0
       0
       0
       1
       0
       0
       0
       0
       0
       0
       0
       0
       0
       1
       0
       0
       0
       1
       0
       0
       0
       1
       1
       0
       0
       0
       0
       0
       0
       0
       0
       0
       0
       0
       0
       0
       0
       0
       0
       0
       0
       0
       0
       0
       0
       0
       0
       1
       0
       0
       0
       0
       0
       0
       0
       0
       0
       0
       0
       0
       0
       0
       0
       1
       0
       0
       0
       0
       0
       0
       0
       0
       0
       0
       0
       0
       0
       0
       0
       0
       0
       0
       0
       0
       0
       0
       1
       0
       1
       0
       0
       0
       0
       0
       0
       0
       0
       0
       0
       0
       0
       0
       1
       0
       0
       0
       0
       0
       0
       0
       0
       0
       0
       0
       0
       0
       1
       0
       0
       0
       0
       0
       0
       0
       1
       0
       0
       0
       0
       1
       0
       0
       0
       0
       0
       0
       0
       0
       0
       0
       0
       0
       0
       0
       0
       0
       0
       0
       0
       0
       0
       0
       0
       1
       0
       0
       1
       1
       0
       0
       0
       0
       0
       0
       0
       0
       0
       0
       0
       0
       0
       0
       0
       1
       0
       0
       1
       0
       0
       0
       0
       0
       0
       0
       0
       0
       1
       0
       0
       0
       0
       0
       0
       0
       0
       0
       0
       0
       0
       0
$ROI:
0
$PRESETS:
None
0
0
$ENER_FIT:
0.000000 2.205567
$MCA_CAL:
3
0.000000E+000 2.205567E+000 0.000000E+000 keV
$SHAPE_CAL:
3
0.000000E+000 0.000000E+000 0.000000E+000
