$SPEC_ID:
No sample description was entered.
$SPEC_REM:
DET# 2
DETDESC# SPACESCIENCE8 digiBASE-RH SN 15121449
AP# Maestro Version 7.01
$DATE_MEA:
10/21/2025 12:37:24
$MEAS_TIM:
577 580
$DATA:
0 1023
       0
       0
       0
       0
       0
       0
       0
       0
       0
       0
     952
    8456
   10945
   12225
   15503
   20517
   27349
   35417
   44447
   53487
   60984
   67097
   70195
   69632
   66558
   61079
   53570
   44395
   35182
   27305
   19643
   14095
    9991
    6664
    4464
    2777
    1923
    1469
    1066
     857
     727
     700
     608
     564
     574
     543
     483
     504
     458
     412
     432
     437
     413
     423
     390
     394
     405
     383
     348
     346
     391
     313
     327
     338
     305
     305
     304
     289
     307
     290
     327
     283
     285
     309
     268
     239
     284
     245
     223
     273
     232
     259
     245
     267
     234
     216
     221
     227
     244
     194
     213
     202
     194
     193
     225
     193
     185
     203
     195
     178
     186
     190
     185
     148
     153
     169
     175
     147
     155
     145
     158
     154
     152
     118
     131
     121
     162
     131
     142
     134
     124
     116
     128
     125
     120
     108
     122
     115
     114
     122
     103
     107
     101
     108
     113
     100
     115
     105
     108
      94
     101
      85
     101
     100
     107
     107
     100
      95
      86
      64
      89
      69
      90
      76
      80
      95
      77
      78
      68
      82
      72
      80
      84
      65
      83
      71
      80
      73
      65
      63
      78
      65
      56
      51
      68
      42
      55
      48
      63
      67
      55
      66
      59
      48
      47
      44
      57
      57
      47
      56
      43
      61
      53
      40
      52
      49
      52
      46
      44
      51
      38
      54
      40
      42
      37
      46
      45
      50
      44
      44
      58
      36
      42
      61
      51
      45
      33
      39
      42
      37
      42
      33
      51
      43
      52
      38
      47
      41
      42
      38
      33
      47
      36
      41
      51
      40
      51
      42
      43
      36
      44
      40
      46
      47
      46
      44
      41
      48
      47
      36
      48
      31
      36
      48
      42
      40
      45
      33
      52
      51
      38
      46
      38
      41
      50
      52
      52
      39
      49
      41
      45
      34
      34
      27
      37
      40
      28
      29
      28
      22
      43
      35
      36
      42
      27
      33
      33
      32
      32
      31
      22
      26
      28
      32
      29
      21
      28
      31
      24
      23
      32
      20
      29
      20
      19
      30
      19
      17
      25
      17
      19
      31
      14
      14
      18
      21
      21
      20
      21
      19
      21
      25
      14
      19
      23
      23
      22
      20
      15
      15
      13
      17
      17
      22
      23
      17
      15
      18
      19
      22
      19
      14
      12
      17
      15
      13
      22
      14
      18
      12
      14
      14
      24
      15
      21
      19
      22
      24
      23
      12
      14
      12
      14
      21
      16
      14
      21
      18
      12
       8
      12
      16
      25
      12
      18
      23
      17
      15
      21
      21
      20
      19
      23
      26
      24
      13
      11
      12
      24
      14
      14
      14
      19
      13
      17
      15
      16
      16
      19
      11
      14
      21
      16
      26
      19
      10
      16
      15
      10
      23
      13
      28
      23
      16
      20
      19
      13
      17
      16
      14
      14
      17
      17
      11
      13
      13
      13
      19
       9
       8
      14
       7
      12
      15
      16
      12
      20
      15
       8
      16
      10
      10
       8
       6
      14
      11
      14
      11
      10
       8
      11
       6
      11
       9
      12
       9
       9
      14
       9
       5
      17
      11
       5
       8
       5
      10
      13
       9
       7
      14
       6
      10
      13
      15
      15
       9
       9
      13
      12
       9
      15
      15
      21
       6
      17
      14
      13
       7
       9
       9
      15
      14
       6
      13
      12
      12
      16
      10
       9
      13
       6
      12
      12
       7
       6
       6
      16
      15
      10
      13
      12
       8
       9
      11
      10
       6
       8
       8
      10
       9
      11
      10
      11
       9
      12
       7
      16
       5
       9
       7
       7
       8
      10
       5
      12
       9
      10
       6
       3
       4
       6
      13
      12
       7
       9
       7
       4
      10
       6
       8
      11
       6
       9
       7
      10
       4
       3
       7
       9
      10
       4
       7
       9
      10
       7
       5
       5
       7
       7
       7
       5
       5
      13
       4
       5
       6
       9
       9
       9
       4
       8
       8
       8
       6
       9
       7
       4
       8
       7
      12
       3
       5
       5
      11
      12
      13
      14
      12
      14
      15
      12
      15
      17
      13
       8
      18
      10
      13
       9
      16
      15
      13
      16
      11
      17
      21
      16
      17
      19
      22
      27
      11
      26
      18
      21
      26
      14
      15
      26
      20
      19
      19
      18
      22
      24
      21
      22
      19
      18
      22
      27
      27
      20
      18
      13
      20
      15
      19
      16
      14
      27
      10
      15
      14
      22
      16
      19
      12
      15
       9
       8
      14
      10
      12
       5
      12
       9
      11
       9
      11
       5
       8
       9
       3
       9
       9
       6
       8
       4
       8
       5
       4
       4
       4
       6
       6
       8
       4
       5
       4
       4
       1
       4
       2
       1
       3
       6
       3
       2
       0
       1
       4
       3
       7
       4
       2
       1
       8
       3
       2
       3
       3
       3
       6
       1
       2
       3
       3
       5
       2
       2
       7
       4
       5
       2
       4
       0
       3
       5
       3
       0
       4
       3
       5
       5
       3
       3
       8
       4
       2
       2
       2
       3
       8
       2
       3
       5
       8
       4
       9
       4
       3
       3
       3
       6
       1
       5
       1
       1
       4
       9
       5
       2
       4
       3
       9
       3
       5
       4
       6
       8
       2
       6
       6
       3
       9
       4
       1
       5
       2
       1
       1
       3
       3
       0
       6
       6
       3
       4
       3
       1
       3
       5
       4
       0
       1
       3
       1
       7
       1
       3
       6
       0
       2
       1
       1
       1
       1
       1
       5
       2
       3
       0
       1
       2
       0
       1
       1
       5
       0
       2
       2
       3
       0
       3
       1
       3
       1
       0
       2
       1
       1
       2
       1
       3
       1
       0
       3
       0
       0
       1
       0
       0
       0
       0
       0
       1
       1
       4
       3
       2
       2
       1
       3
       1
       0
       0
       1
       1
       2
       1
       1
       0
       0
       1
       0
       4
       4
       1
       1
       0
       0
       2
       1
       1
       0
       0
       0
       0
       0
       0
       2
       0
       0
       0
       1
       1
       2
       4
       2
       2
       1
       1
       5
       6
       0
       0
       5
       3
       1
       0
       0
       3
       5
       2
       2
       0
       0
       2
       2
       3
       3
       0
       1
       0
       1
       0
       0
       0
       1
       3
       0
       3
       4
       2
       1
       2
       1
       0
       1
       1
       1
       2
       0
       1
       2
       2
       4
       2
       0
       2
       1
       4
       1
       4
       1
       1
       2
       2
       3
       0
       2
       4
       3
       1
       2
       1
       1
       2
       2
       1
       0
       0
       2
       1
       0
       0
       1
       2
       2
       0
       1
       1
       2
       0
       3
       2
       2
       3
       0
       1
       4
       0
       2
       0
       2
       3
       1
       0
       1
       0
       1
       3
       0
       1
       2
       1
       1
       0
       0
       1
       2
       3
       0
       0
       0
       0
       0
       2
       0
       1
       0
       2
       1
       0
       2
       1
       1
       0
       2
       0
       0
       2
       0
$ROI:
0
$PRESETS:
None
0
0
$ENER_FIT:
0.000000 2.205567
$MCA_CAL:
3
0.000000E+000 2.205567E+000 0.000000E+000 keV
$SHAPE_CAL:
3
0.000000E+000 0.000000E+000 0.000000E+000
